1.0 0.0
1.0 0.0
0.933333333333 5.21464794608e-05
0.92 5.21464794608e-05
0.904761904762 5.21464794608e-05
0.9 5.21464794608e-05
0.894736842105 5.21464794608e-05
0.891304347826 5.21464794608e-05
0.888888888889 5.21464794608e-05
0.8875 5.21464794608e-05
0.869565217391 5.21464794608e-05
0.866666666667 5.21464794608e-05
0.865384615385 5.21464794608e-05
0.861111111111 5.21464794608e-05
0.857142857143 5.21464794608e-05
0.851851851852 5.21464794608e-05
0.849056603774 5.21464794608e-05
0.846153846154 5.21464794608e-05
0.842105263158 5.21464794608e-05
0.833333333333 5.21464794608e-05
0.828571428571 0.000104292958922
0.826086956522 0.000104292958922
0.818181818182 0.000104292958922
0.816666666667 0.000104292958922
0.8125 0.000104292958922
0.8 0.000104292958922
0.796610169492 0.000104292958922
0.791666666667 0.000156439438382
0.789473684211 0.000156439438382
0.785714285714 0.000156439438382
0.78125 0.000156439438382
0.777777777778 0.000208585917843
0.764705882353 0.000260732397304
0.763157894737 0.000260732397304
0.758620689655 0.000260732397304
0.75 0.000312878876765
0.736842105263 0.000312878876765
0.733333333333 0.000312878876765
0.727272727273 0.000312878876765
0.714285714286 0.000312878876765
0.7 0.000365025356226
0.692307692308 0.000365025356226
0.6875 0.000365025356226
0.684210526316 0.000365025356226
0.666666666667 0.000365025356226
0.636363636364 0.000417171835686
0.631578947368 0.000534501414473
0.625 0.000534501414473
0.6 0.000586647893934
0.588235294118 0.000638794373395
0.583333333333 0.000756123952182
0.571428571429 0.000756123952182
0.555555555556 0.000808270431642
0.545454545455 0.000860416911103
0.538461538462 0.000860416911103
0.5 0.000860416911103
0.487804878049 0.00285893073644
0.459459459459 0.0029110772159
0.454545454545 0.0029110772159
0.452380952381 0.0028747609177
0.444444444444 0.00290083415743
0.428571428571 0.00295298063689
0.421875 0.00316938852666
0.416666666667 0.00316938852666
0.409090909091 0.0031850324705
0.4 0.00329963056702
0.395348837209 0.00515679018554
0.390243902439 0.00515679018554
0.388888888889 0.00523687227899
0.385714285714 0.00523687227899
0.384615384615 0.00526542868441
0.381818181818 0.00529150192414
0.380952380952 0.00529150192414
0.378787878788 0.00529150192414
0.377777777778 0.00542969009471
0.375 0.00555223432145
0.372881355932 0.00565652728037
0.371428571429 0.00575000718143
0.363636363636 0.00577018290265
0.361111111111 0.00578828743794
0.358974358974 0.00587549083384
0.357142857143 0.00593351095522
0.355555555556 0.00598565743468
0.354838709677 0.00594186915658
0.351351351351 0.00594186915658
0.350877192982 0.00594186915658
0.349206349206 0.00594186915658
0.346153846154 0.00594186915658
0.344827586207 0.00594621469653
0.34375 0.00599388865597
0.342857142857 0.0059174864015
0.333333333333 0.00587067548935
0.326923076923 0.007721042521
0.325 0.0079200596883
0.323529411765 0.0079200596883
0.322033898305 0.00792440522825
0.320754716981 0.00792440522825
0.32 0.00792440522825
0.31914893617 0.00792440522825
0.318181818182 0.00792440522825
0.315789473684 0.00793902165525
0.314285714286 0.00799116813471
0.3125 0.00826021913708
0.308411214953 0.00835369706697
0.307692307692 0.00859087944129
0.306451612903 0.00864930720123
0.305555555556 0.00864930720123
0.30303030303 0.00864930720123
0.3 0.00882435536313
0.297297297297 0.00909765878674
0.296296296296 0.00909765878674
0.295918367347 0.00911441255804
0.295454545455 0.00919249533794
0.294117647059 0.00916828447248
0.293103448276 0.00929963522947
0.292682926829 0.00921424197637
0.291666666667 0.00920573235856
0.290322580645 0.00920573235856
0.288888888889 0.0092819385498
0.288461538462 0.00945908867129
0.28813559322 0.00945908867129
0.285714285714 0.00946549319133
0.282828282828 0.0109747104113
0.282051282051 0.0110128294309
0.28125 0.0110128294309
0.28 0.0110128294309
0.27868852459 0.0110128294309
0.277777777778 0.0111711729913
0.276315789474 0.0111711729913
0.275862068966 0.011293711897
0.275362318841 0.0114179978951
0.275 0.0115030789931
0.274509803922 0.0115523306278
0.274193548387 0.0115523306278
0.273684210526 0.0116449022067
0.272727272727 0.0116449022067
0.271186440678 0.0118548425786
0.270833333333 0.0118548425786
0.270588235294 0.0118548425786
0.27027027027 0.0118548425786
0.269230769231 0.0120230283561
0.268292682927 0.0120230283561
0.267441860465 0.0120230283561
0.266666666667 0.0120577400026
0.263157894737 0.0124127603865
0.262295081967 0.0124332262235
0.261538461538 0.0124332262235
0.26 0.0124332262235
0.259259259259 0.0124332262235
0.258620689655 0.0124332262235
0.258064516129 0.0125708765017
0.257142857143 0.0125708765017
0.25641025641 0.0125708765017
0.255813953488 0.0125708765017
0.254901960784 0.0125882218349
0.254237288136 0.0125882218349
0.253164556962 0.0125882218349
0.252032520325 0.0126012584547
0.25 0.0126164678446
0.248275862069 0.0141569217946
0.247252747253 0.0145126170209
0.245614035088 0.0146730534265
0.245283018868 0.0146730534265
0.244897959184 0.0146730534265
0.244444444444 0.0146899549736
0.243243243243 0.0146899549736
0.242857142857 0.0146899549736
0.242424242424 0.0146899549736
0.241935483871 0.0146524114859
0.241379310345 0.0147472394649
0.240740740741 0.0147472394649
0.24 0.0147472394649
0.239436619718 0.0146665847511
0.239130434783 0.0148409647593
0.238095238095 0.0148357501114
0.237288135593 0.0149293262019
0.236842105263 0.0149293262019
0.236363636364 0.0149293262019
0.235294117647 0.0149293262019
0.234693877551 0.0150091653386
0.234375 0.0150091653386
0.234042553191 0.0150244315614
0.233333333333 0.0150244315614
0.232558139535 0.0150790786937
0.232142857143 0.0150790786937
0.230769230769 0.0150790786937
0.229166666667 0.0154486467592
0.228571428571 0.0154486467592
0.228070175439 0.0154558848103
0.227848101266 0.0154558848103
0.227272727273 0.0154558848103
0.226666666667 0.0154870080249
0.22641509434 0.0154870080249
0.225806451613 0.0156094766873
0.225490196078 0.015582654576
0.225 0.015742021801
0.224489795918 0.015742021801
0.223684210526 0.0157562044973
0.223529411765 0.0157562044973
0.222222222222 0.0157562044973
0.221052631579 0.016680274687
0.220588235294 0.0166998296168
0.22 0.0166998296168
0.219512195122 0.0166998296168
0.219178082192 0.0166998296168
0.21875 0.0167137037157
0.218181818182 0.0166693720563
0.217741935484 0.0166693720563
0.217391304348 0.0166693720563
0.21686746988 0.0164899904776
0.216666666667 0.0164899904776
0.216216216216 0.0164899904776
0.21568627451 0.016641544315
0.214285714286 0.016641544315
0.213114754098 0.0164608709788
0.212765957447 0.0164608709788
0.212121212121 0.0165272555891
0.211764705882 0.0165187225288
0.211538461538 0.0165187225288
0.210526315789 0.0165318029692
0.21 0.0165215665962
0.209677419355 0.0165279445118
0.209302325581 0.0165279445118
0.208333333333 0.0166032183782
0.207792207792 0.0166422974459
0.207692307692 0.0166422974459
0.206896551724 0.0166422974459
0.206349206349 0.0166777019587
0.205882352941 0.0166998642125
0.205607476636 0.0166998642125
0.205479452055 0.0167681068494
0.204545454545 0.0167884688081
0.204081632653 0.0167884688081
0.203703703704 0.0167674133208
0.203389830508 0.0167674133208
0.20325203252 0.0167674133208
0.203125 0.0167674133208
0.202898550725 0.0167674133208
0.202127659574 0.0167643714428
0.2 0.0168523670074
0.197530864198 0.0156354878641
0.196721311475 0.0156123751241
0.196428571429 0.0156123751241
0.196078431373 0.0156123751241
0.195652173913 0.0156123751241
0.19512195122 0.0156123751241
0.194444444444 0.0156123751241
0.194029850746 0.0156984168152
0.193548387097 0.0156984168152
0.19298245614 0.0156984168152
0.192771084337 0.0156984168152
0.192307692308 0.0156984168152
0.191919191919 0.0155637501261
0.191780821918 0.0155637501261
0.191489361702 0.0155637501261
0.190476190476 0.0155637501261
0.189655172414 0.0157541858246
0.189189189189 0.0157541858246
0.188888888889 0.0157541858246
0.188405797101 0.0157541858246
0.188235294118 0.0157541858246
0.188118811881 0.0157541858246
0.1875 0.0157541858246
0.186666666667 0.0158779564148
0.186440677966 0.0158779564148
0.186046511628 0.0158779564148
0.185185185185 0.0158779564148
0.184615384615 0.0158941060482
0.184466019417 0.0158941060482
0.184210526316 0.0158941060482
0.183673469388 0.015878868642
0.183333333333 0.0159773842415
0.183098591549 0.0159773842415
0.181818181818 0.0159773842415
0.181034482759 0.0167504405223
0.180327868852 0.0167817092823
0.18 0.0167817092823
0.179775280899 0.0167817092823
0.179487179487 0.0167817092823
0.179104477612 0.0166970282496
0.178947368421 0.0166970282496
0.178571428571 0.0166970282496
0.178343949045 0.0161829299038
0.178082191781 0.0161829299038
0.177777777778 0.0161829299038
0.177419354839 0.0162350763832
0.177083333333 0.016258542299
0.176470588235 0.0162624306756
0.175925925926 0.0163068989757
0.175675675676 0.0163068989757
0.175438596491 0.0163398152448
0.175 0.0163398152448
0.174603174603 0.0164766997534
0.173913043478 0.0164766997534
0.173333333333 0.0165849619281
0.173076923077 0.0166110351678
0.172413793103 0.0166202796295
0.171875 0.0167387497488
0.171428571429 0.0167387497488
0.171052631579 0.0167387497488
0.170731707317 0.0167387497488
0.170454545455 0.0167387497488
0.170212765957 0.0167387497488
0.169811320755 0.0167387497488
0.169491525424 0.0167387497488
0.169230769231 0.0167387497488
0.169014084507 0.0165984593871
0.168421052632 0.016601840663
0.166666666667 0.016601840663
0.165137614679 0.0162045621082
0.164705882353 0.0162045621082
0.164383561644 0.0162045621082
0.164179104478 0.0162045621082
0.16393442623 0.0162362002831
0.163636363636 0.0163954672576
0.163265306122 0.0163954672576
0.162790697674 0.0163954672576
0.162162162162 0.0163954672576
0.161764705882 0.0163954672576
0.161290322581 0.0163954672576
0.160714285714 0.016490762947
0.16 0.0165021008263
0.159663865546 0.0166376845854
0.159420289855 0.0166919249181
0.159090909091 0.0166919249181
0.15873015873 0.0166948071749
0.158536585366 0.0167730268941
0.157894736842 0.0168264770355
0.157142857143 0.0168289712794
0.156862745098 0.0168289712794
0.156626506024 0.0168015862804
0.15625 0.0168015862804
0.155737704918 0.0168945018257
0.155555555556 0.0169250481032
0.155172413793 0.0168678576935
0.154929577465 0.0168678576935
0.154761904762 0.0168678576935
0.153846153846 0.0166938515283
0.152941176471 0.0172244950811
0.152777777778 0.0172244950811
0.152542372881 0.0172294048768
0.152173913043 0.0172294048768
0.151898734177 0.0172312466288
0.151515151515 0.0172312466288
0.151260504202 0.0174296934276
0.151162790698 0.0175522376544
0.150943396226 0.0175522376544
0.150793650794 0.0175522376544
0.150684931507 0.0175522376544
0.150537634409 0.0175522376544
0.15 0.0175522376544
0.149425287356 0.0177541803743
0.149253731343 0.0177541803743
0.148936170213 0.0177541803743
0.148648648649 0.0177475507444
0.148148148148 0.0177475507444
0.147727272727 0.017790292012
0.147651006711 0.017790292012
0.147540983607 0.017790292012
0.147058823529 0.0177364026591
0.146788990826 0.0178054959006
0.146666666667 0.0178054959006
0.146341463415 0.017841832257
0.145833333333 0.0178970354715
0.145631067961 0.0178970354715
0.145454545455 0.0178970354715
0.145299145299 0.0178970354715
0.144927536232 0.0178970354715
0.144736842105 0.0179726765186
0.144578313253 0.017944358804
0.144329896907 0.017944358804
0.142857142857 0.017944358804
0.141025641026 0.0173270360217
0.140845070423 0.0173270360217
0.140350877193 0.0173270360217
0.14 0.0173416603976
0.139705882353 0.0174792052025
0.139534883721 0.0174792052025
0.139393939394 0.0174792052025
0.139240506329 0.0174792052025
0.139130434783 0.0174792052025
0.138888888889 0.017533647962
0.138461538462 0.0176158125568
0.13829787234 0.0176158125568
0.137931034483 0.0176158125568
0.137254901961 0.0176490580442
0.13698630137 0.0176984797278
0.136842105263 0.0176673618074
0.136363636364 0.0176673618074
0.136054421769 0.0175422050433
0.135802469136 0.0175422050433
0.135593220339 0.0175422050433
0.135416666667 0.0175422050433
0.135135135135 0.0175422050433
0.134615384615 0.0175149478221
0.134146341463 0.0175218134109
0.134020618557 0.0173090820987
0.133333333333 0.0173090820987
0.132653061224 0.0170468153469
0.132530120482 0.0170468153469
0.132352941176 0.0170468153469
0.132075471698 0.017138071686
0.131782945736 0.017257263639
0.131578947368 0.017257263639
0.131147540984 0.0173033393886
0.130952380952 0.0173764467333
0.130841121495 0.0173764467333
0.130434782609 0.0173764467333
0.13 0.0170464919202
0.12987012987 0.0170464919202
0.12962962963 0.0170464919202
0.129411764706 0.0170108507718
0.129032258065 0.0170108507718
0.128571428571 0.0170964136401
0.128440366972 0.0170964136401
0.128205128205 0.0170964136401
0.127906976744 0.0169380638351
0.127659574468 0.0169390517994
0.127272727273 0.0169326998938
0.126984126984 0.0169326998938
0.12676056338 0.0169326998938
0.126582278481 0.0169326998938
0.126436781609 0.0169423648481
0.126315789474 0.0169423648481
0.125 0.0170042545886
0.12389380531 0.0158745626547
0.123711340206 0.0158211169951
0.123595505618 0.0158211169951
0.123456790123 0.0158211169951
0.123287671233 0.0158211169951
0.123076923077 0.0158230629452
0.122807017544 0.0158230629452
0.122448979592 0.0158251876761
0.121951219512 0.015935380881
0.121621621622 0.0159217485676
0.121495327103 0.0159217485676
0.121212121212 0.0160370041387
0.120879120879 0.0161466776388
0.120689655172 0.0161475924893
0.12 0.016151064347
0.119402985075 0.0160515087699
0.119047619048 0.0160559784681
0.118811881188 0.0160565360605
0.118644067797 0.0160583488178
0.118421052632 0.0160583488178
0.118181818182 0.016036833435
0.117647058824 0.016036833435
0.117117117117 0.0156365801446
0.117021276596 0.0156646766115
0.116883116883 0.0156646766115
0.116666666667 0.0156346298657
0.116279069767 0.015693489597
0.116071428571 0.0157779988999
0.115942028986 0.0157779988999
0.115789473684 0.0156843737833
0.115384615385 0.0156843737833
0.115044247788 0.0156057950405
0.114942528736 0.0156057950405
0.114754098361 0.0156057950405
0.114583333333 0.0155754085184
0.114285714286 0.0155754085184
0.113924050633 0.0155752327402
0.113821138211 0.0155961853262
0.113636363636 0.0155961853262
0.113402061856 0.0154608489422
0.11320754717 0.0154608489422
0.113043478261 0.015361783888
0.112903225806 0.0153860497637
0.112676056338 0.0154051015211
0.1125 0.0152767019316
0.112359550562 0.0153308554663
0.111940298507 0.0153308554663
0.111111111111 0.0153308554663
0.10989010989 0.0142420945865
0.109756097561 0.0142427787112
0.109589041096 0.014243885272
0.109375 0.014243885272
0.109243697479 0.0142482621616
0.109090909091 0.0142482621616
0.108695652174 0.0141206740887
0.10843373494 0.0141218675973
0.10824742268 0.0141218675973
0.108108108108 0.0141359794024
0.107692307692 0.0140555082131
0.10752688172 0.0140567736991
0.107142857143 0.0140525290839
0.106666666667 0.0141567468165
0.106382978723 0.0140678105173
0.106194690265 0.0141199569968
0.106060606061 0.0141199569968
0.105882352941 0.0141199569968
0.105769230769 0.0141110155723
0.105263157895 0.0141110155723
0.104895104895 0.013574106039
0.104761904762 0.0136381225463
0.10447761194 0.0136381225463
0.104347826087 0.0134840597115
0.104166666667 0.0134840597115
0.103896103896 0.0134584159838
0.103773584906 0.0133176275383
0.103703703704 0.0133176275383
0.103448275862 0.0133045909184
0.103092783505 0.0132285616613
0.102941176471 0.0132291989255
0.102564102564 0.0132936370496
0.102040816327 0.0132667220554
0.101694915254 0.0133820411596
0.101449275362 0.0133776956197
0.101265822785 0.0133775842829
0.101123595506 0.0133449783095
0.100840336134 0.0133449783095
0.1 0.0133473930614
0.0990990990991 0.0110341815662
0.0989010989011 0.0110341815662
0.0987654320988 0.0110341815662
0.0985915492958 0.0110341815662
0.0983606557377 0.0109195721714
0.0982142857143 0.0106244841347
0.0980392156863 0.0106244841347
0.0978260869565 0.0106575029658
0.0975609756098 0.0106575029658
0.0973451327434 0.0105691217302
0.0972222222222 0.0105691217302
0.0970873786408 0.0106021291607
0.0967741935484 0.0106021291607
0.0963855421687 0.0105728730206
0.0961538461538 0.0105730409871
0.0958904109589 0.0105729844462
0.0957446808511 0.0105730672933
0.095652173913 0.0105730672933
0.0952380952381 0.0105851597255
0.0948905109489 0.00954405876394
0.0947368421053 0.00954420792073
0.0945945945946 0.00954420792073
0.0943396226415 0.00954420792073
0.0942028985507 0.00933865596821
0.0941176470588 0.00933865596821
0.09375 0.00933768585788
0.0934579439252 0.00925065076351
0.0933333333333 0.00925065076351
0.0931677018634 0.00925065076351
0.093023255814 0.00925079371751
0.0928571428571 0.00925356904506
0.0925925925926 0.00925271679129
0.0923076923077 0.00925368649896
0.0921052631579 0.00925410638291
0.0919540229885 0.00923729355815
0.0918367346939 0.00919068747813
0.0909090909091 0.00919045090537
0.0901639344262 0.00770723856416
0.09 0.00769466580868
0.0898876404494 0.00769466580868
0.0897435897436 0.00769494507834
0.089552238806 0.00769455368582
0.0892857142857 0.00769487943123
0.0891089108911 0.00761962517219
0.0890410958904 0.00761973235093
0.0888888888889 0.00761973235093
0.0886075949367 0.00765707876206
0.0884955752212 0.00765707876206
0.0884353741497 0.00765707876206
0.0882352941176 0.00765707876206
0.088 0.0074553176256
0.0879120879121 0.0074553176256
0.0878378378378 0.00745469129411
0.0877192982456 0.00745469129411
0.0875 0.00755737061763
0.0873786407767 0.00755757229587
0.0873015873016 0.00755757229587
0.0869565217391 0.00755757229587
0.0866141732283 0.00714848490561
0.0865384615385 0.00714848490561
0.0864197530864 0.00714848490561
0.0862068965517 0.00714991957508
0.0860215053763 0.00714981891341
0.0859375 0.00714882995337
0.0857142857143 0.00714882995337
0.0853658536585 0.00668494718466
0.0851063829787 0.00668477297049
0.0849056603774 0.0064568515781
0.0847457627119 0.00645742011016
0.0846153846154 0.0064585713927
0.0845070422535 0.00646079826842
0.0843373493976 0.00645158813634
0.0842105263158 0.00645177670241
0.0841121495327 0.00645205966074
0.0840336134454 0.00645205966074
0.0833333333333 0.00645205966074
0.0827067669173 0.00547040693411
0.0826446280992 0.00547040693411
0.0825688073394 0.00547040693411
0.0824742268041 0.00547040693411
0.0823529411765 0.00547040693411
0.0821917808219 0.00547068853978
0.0820895522388 0.00548558570104
0.0819672131148 0.00548558570104
0.0818181818182 0.00548508567689
0.0816326530612 0.00549183727371
0.0813953488372 0.00549911092018
0.0813008130081 0.00549911092018
0.0810810810811 0.00549911092018
0.0808080808081 0.00549256278172
0.0806451612903 0.00549256278172
0.0805369127517 0.00554597498349
0.0804597701149 0.00554597498349
0.0803571428571 0.00554597498349
0.0802919708029 0.00554597498349
0.08 0.00554739964705
0.0797101449275 0.00472040135704
0.0796460176991 0.0047204780315
0.0795454545455 0.0047204780315
0.0793650793651 0.0047204780315
0.0792079207921 0.00470850341719
0.0789473684211 0.00470850341719
0.0786516853933 0.00464998575191
0.078431372549 0.00464998575191
0.0782608695652 0.00461237730652
0.078125 0.00461237730652
0.0779220779221 0.00461308230719
0.0777777777778 0.00461413464502
0.0776699029126 0.00461413464502
0.0775862068966 0.00461435394887
0.0769230769231 0.00461435394887
0.0761904761905 0.00361141994306
0.0760869565217 0.00361141994306
0.0759493670886 0.00361141994306
0.0758620689655 0.00361141994306
0.0757575757576 0.00361148448864
0.0754716981132 0.00358918135375
0.0753424657534 0.00359094167384
0.0752688172043 0.00359139420886
0.075 0.00359184701818
0.0747663551402 0.0035406898509
0.0746268656716 0.00354075465624
0.0744680851064 0.0035409491056
0.0743801652893 0.00355393299563
0.0743243243243 0.00355393299563
0.0740740740741 0.00355393299563
0.0738255033557 0.00320727273656
0.0737704918033 0.00320727273656
0.0736842105263 0.00320727273656
0.0735294117647 0.00320727273656
0.0733944954128 0.00320995716896
0.0731707317073 0.00321015201649
0.0729166666667 0.0032281312097
0.0727272727273 0.0032281312097
0.0725806451613 0.00319688684648
0.0724637681159 0.00319688684648
0.0723684210526 0.00319716154334
0.0722891566265 0.00319716154334
0.0721649484536 0.00319716154334
0.0720720720721 0.00319722658229
0.072 0.00319722658229
0.0714285714286 0.00319722658229
0.0709677419355 0.00225034750496
0.0708661417323 0.00225034750496
0.070796460177 0.00225040928295
0.0705882352941 0.00225040928295
0.0704225352113 0.00225040928295
0.0703125 0.0022521098825
0.0701754385965 0.0022521717307
0.07 0.00224845258523
0.0699300699301 0.00224897014882
0.0697674418605 0.00224897014882
0.0694444444444 0.0021610875197
0.0693641618497 0.0021672061891
0.0693069306931 0.00216458518551
0.0692307692308 0.00216464737495
0.0689655172414 0.00216464737495
0.0687022900763 0.00188080182526
0.0686274509804 0.00188080182526
0.0684931506849 0.00188080182526
0.0683760683761 0.00188490197665
0.0681818181818 0.00188734884242
0.0679611650485 0.00181203527198
0.0679012345679 0.00176296692008
0.0677966101695 0.00176302982153
0.0676691729323 0.0018197359738
0.0675675675676 0.0018197359738
0.0674157303371 0.00181979891343
0.0673076923077 0.00182356224828
0.0672268907563 0.00182362525022
0.0666666666667 0.0018237512661
0.0661764705882 0.0012190968069
0.0661157024793 0.0012190968069
0.0660377358491 0.00121922082339
0.0659340659341 0.00121928283711
0.0657894736842 0.00118997900696
0.0655737704918 0.00118997900696
0.0654205607477 0.00122369645895
0.0653594771242 0.00122369645895
0.0652173913043 0.00122375904354
0.0649350649351 0.00110237740726
0.0648148148148 0.00110281695353
0.0647482014388 0.00110281695353
0.0645161290323 0.00110281695353
0.0642857142857 0.00108203160444
0.0642201834862 0.00108209512137
0.0641711229947 0.00108209512137
0.0641025641026 0.00108209512137
0.064 0.00108234922458
0.063829787234 0.000963531773203
0.0636363636364 0.000966553037315
0.0634920634921 0.000842079525852
0.0632911392405 0.000843748595468
0.0631578947368 0.000844260891734
0.0630630630631 0.000844324944541
0.0629921259843 0.000844324944541
0.0629370629371 0.000844324944541
0.062893081761 0.000844324944541
0.0625 0.000844324944541
0.062015503876 0.000837297200271
0.0619469026549 0.000837297200271
0.0618556701031 0.000837297200271
0.0617283950617 0.000837489386537
0.0616113744076 0.000837745682082
0.0615384615385 0.000837745682082
0.0614035087719 0.000838704125643
0.0613496932515 0.000838704125643
0.0612244897959 0.000838704125643
0.0611111111111 0.00084016669583
0.0609756097561 0.00084016669583
0.0608695652174 0.000840423140089
0.0606060606061 0.000840487259554
0.0603448275862 0.000850438559258
0.0602409638554 0.000850438559258
0.06 0.000850761000269
0.0598290598291 0.000853025093805
0.0597014925373 0.000853025093805
0.0596026490066 0.0008541225672
0.0595238095238 0.0008541225672
0.0594059405941 0.000854748917046
0.0593220338983 0.000854748917046
0.0592592592593 0.000854748917046
0.0592105263158 0.000854748917046
0.0588235294118 0.000854748917046
0.0583941605839 0.000805834753883
0.0583333333333 0.000805834753883
0.0582524271845 0.000805834753883
0.0581395348837 0.00080596334724
0.0579710144928 0.000806220572745
0.0578512396694 0.000807449380239
0.0576923076923 0.000807835470648
0.0575539568345 0.000810222968219
0.0574712643678 0.000810222968219
0.0573770491803 0.000810287373679
0.0571428571429 0.000810287373679
0.0569620253165 0.000814867105847
0.0569105691057 0.000814931669296
0.0568181818182 0.000814931669296
0.0567375886525 0.000814931669296
0.0566037735849 0.000814996235964
0.0564516129032 0.000812727541618
0.056338028169 0.000812727541618
0.0561797752809 0.000813244455516
0.0560747663551 0.00081363227555
0.056 0.000813826228834
0.055900621118 0.000813826228834
0.0555555555556 0.000813826228834
0.0551181102362 0.000773534049665
0.0550458715596 0.000773534049665
0.0549450549451 0.000773534049665
0.0548780487805 0.000773598644169
0.0547945205479 0.000773598644169
0.0546875 0.000773986277355
0.0545454545455 0.000773986277355
0.0544217687075 0.000774773240463
0.054347826087 0.000774773240463
0.0542635658915 0.000774837877036
0.0540540540541 0.000774837877036
0.0538922155689 0.000776536077912
0.0537634408602 0.000776536077912
0.0536912751678 0.000776536077912
0.0535714285714 0.000776536077912
0.0534351145038 0.000777602373292
0.0533333333333 0.000777602373292
0.0531914893617 0.000777925588133
0.0530973451327 0.000777925588133
0.0530303030303 0.000777925588133
0.0526315789474 0.000778248881361
0.0524344569288 0.000657243482919
0.0522388059701 0.000657243482919
0.0521739130435 0.000657243482919
0.0520833333333 0.000657243482919
0.0519480519481 0.000657308247032
0.0518518518519 0.000657308247032
0.051724137931 0.000657308247032
0.0515463917526 0.000658085658065
0.0514705882353 0.000658085658065
0.0512820512821 0.000658085658065
0.0510948905109 0.000660557062829
0.0510204081633 0.000660557062829
0.0509554140127 0.000660557062829
0.0508474576271 0.000660557062829
0.0507246376812 0.000661011457167
0.0506329113924 0.000661011457167
0.0505836575875 0.000661206244049
0.0505050505051 0.000661206244049
0.0504201680672 0.000661206244049
0.0503597122302 0.000661206244049
0.0503144654088 0.000661206244049
0.05 0.000661206244049
0.0496894409938 0.000664120340267
0.0496453900709 0.000664120340267
0.0495867768595 0.000664120340267
0.049504950495 0.000664120340267
0.0494505494505 0.000664249726717
0.0493827160494 0.000664249726717
0.0491803278689 0.00066437912541
0.0490196078431 0.00066483211724
0.0487804878049 0.0006648968426
0.0486891385768 0.000665932864601
0.0486111111111 0.000665932864601
0.0485436893204 0.000665932864601
0.0483870967742 0.000665932864601
0.0481927710843 0.000666256782153
0.0480769230769 0.000666256782153
0.048 0.000666256782153
0.0479452054795 0.000666256782153
0.047619047619 0.000666256782153
0.0472972972973 0.000666763884836
0.0472440944882 0.000666763884836
0.0471698113208 0.000666763884836
0.0470588235294 0.000666763884836
0.0469798657718 0.000666892889612
0.046875 0.000666892889612
0.046783625731 0.000667279976679
0.0467289719626 0.000667279976679
0.046511627907 0.000667279976679
0.046357615894 0.000668054478137
0.0462962962963 0.000668054478137
0.0461538461538 0.000668054478137
0.0460526315789 0.000668119039625
0.0459770114943 0.000668119039625
0.045871559633 0.000668183604144
0.0458015267176 0.000668312742274
0.0457516339869 0.000668312742274
0.0454545454545 0.000668312742274
0.0451612903226 0.000669177109295
0.0451127819549 0.000669177109295
0.045045045045 0.000669177109295
0.0449438202247 0.000669177109295
0.044776119403 0.000669177109295
0.0446927374302 0.000669305856795
0.0446428571429 0.000669305856795
0.0445859872611 0.000669305856795
0.0444444444444 0.000669305856795
0.0442477876106 0.000670787081289
0.0441176470588 0.000670851377156
0.0440528634361 0.000670915676016
0.043956043956 0.000670915676016
0.0438596491228 0.000670915676016
0.043795620438 0.000670915676016
0.0434782608696 0.000670915676016
0.0432432432432 0.000671160830609
0.0431654676259 0.000671160830609
0.0431034482759 0.000671160830609
0.0430107526882 0.000671225046155
0.0428571428571 0.000671225046155
0.0428015564202 0.000671481938186
0.042735042735 0.000671481938186
0.0426829268293 0.000671481938186
0.0425531914894 0.000671481938186
0.0423728813559 0.000671867365779
0.042328042328 0.000671995865522
0.0422535211268 0.000671995865522
0.0421052631579 0.000672016338188
0.0420168067227 0.000672016338188
0.041958041958 0.000672016338188
0.0418848167539 0.000672016338188
0.0416666666667 0.000672016338188
0.0414201183432 0.000671996206743
0.0413793103448 0.000671996206743
0.0413223140496 0.000671996206743
0.0412371134021 0.000671996206743
0.0411764705882 0.000671996206743
0.041095890411 0.000671996206743
0.0409836065574 0.000672252569228
0.0409356725146 0.000672252569228
0.0408163265306 0.000672252569228
0.0406976744186 0.000672637202033
0.0406504065041 0.000672637202033
0.0405405405405 0.000672637202033
0.040404040404 0.000672893683289
0.0403225806452 0.000672893683289
0.0402684563758 0.000672893683289
0.0401606425703 0.000672893683289
0.04 0.000672893683289
0.0396825396825 0.000672171551321
0.039603960396 0.000672171551321
0.0394736842105 0.000672171551321
0.0393700787402 0.000672235566236
0.0392156862745 0.000672235566236
0.0390625 0.000673550014966
0.038961038961 0.000673550014966
0.0388888888889 0.000673614084816
0.0388349514563 0.000673614084816
0.0387596899225 0.000673678157627
0.0387096774194 0.000673678157627
0.0384615384615 0.000673678157627
0.0382165605096 0.000671281460732
0.0381679389313 0.000671281460732
0.0380952380952 0.000671281460732
0.0379746835443 0.000671281460732
0.0378787878788 0.000671281460732
0.0377358490566 0.000671281460732
0.0375939849624 0.000671281460732
0.0375 0.000671281460732
0.0374531835206 0.000671281460732
0.0374149659864 0.000671281460732
0.0373831775701 0.000671281460732
0.0373134328358 0.000671281460732
0.0372670807453 0.000671281460732
0.0372340425532 0.000671281460732
0.0371621621622 0.000671281460732
0.037037037037 0.000671281460732
0.0368098159509 0.000671315144977
0.0367647058824 0.000671315144977
0.0366972477064 0.000671315144977
0.0365853658537 0.000671315144977
0.036496350365 0.000671378927169
0.0364741641337 0.000671378927169
0.0364372469636 0.000672997143354
0.0363636363636 0.000672997143354
0.036231884058 0.000672997143354
0.0361445783133 0.000672997143354
0.036036036036 0.000672997143354
0.0359712230216 0.000672997143354
0.0358744394619 0.000672997143354
0.0357142857143 0.000672997143354
0.0355029585799 0.000672154449473
0.0354609929078 0.000672154449473
0.0353982300885 0.000672154449473
0.0353535353535 0.000672154449473
0.0352941176471 0.000672154449473
0.0352112676056 0.000672154449473
0.0350877192982 0.000672154449473
0.034965034965 0.000672217887469
0.0348837209302 0.000672217887469
0.0347826086957 0.000672217887469
0.0347222222222 0.000672281328374
0.0344827586207 0.000672281328374
0.0342465753425 0.000671907522183
0.034188034188 0.000671907522183
0.0341463414634 0.000671907522183
0.0340909090909 0.000671907522183
0.0338983050847 0.000671907522183
0.0337837837838 0.000671907522183
0.0337078651685 0.000671907522183
0.0336134453782 0.000671907522183
0.0335570469799 0.000671907522183
0.0334928229665 0.000671907522183
0.0333333333333 0.000671907522183
0.0331491712707 0.000672067684212
0.0331125827815 0.000672067684212
0.0330578512397 0.000672067684212
0.032967032967 0.000672067684212
0.0328947368421 0.000672067684212
0.0327868852459 0.000672067684212
0.0326797385621 0.000672131075008
0.0326086956522 0.000672131075008
0.0325581395349 0.000672131075008
0.0325203252033 0.000672131075008
0.0324675324675 0.000672131075008
0.0323886639676 0.000672131075008
0.0322580645161 0.000672131075008
0.0321285140562 0.000671944296893
0.0320512820513 0.000671944296893
0.032 0.000671944296893
0.0319634703196 0.000671944296893
0.031914893617 0.000671944296893
0.031847133758 0.000671944296893
0.031746031746 0.000671944296893
0.0316455696203 0.000672007664764
0.0315789473684 0.000672007664764
0.0314960629921 0.000672007664764
0.0314465408805 0.000672007664764
0.0313725490196 0.000672007664764
0.03125 0.000672007664764
0.0310880829016 0.000670949072024
0.031007751938 0.000670949072024
0.0309278350515 0.000670949072024
0.0308641975309 0.000670949072024
0.0307692307692 0.000670949072024
0.0306748466258 0.000670949072024
0.030612244898 0.000670949072024
0.030534351145 0.000670949072024
0.030487804878 0.000670949072024
0.030303030303 0.000670949072024
0.0301507537688 0.000670919283217
0.0301204819277 0.000670919283217
0.0300751879699 0.000670919283217
0.0300429184549 0.000670919283217
0.03 0.000670919283217
0.0299401197605 0.000670919283217
0.0298507462687 0.000670919283217
0.0297872340426 0.000670919283217
0.0297619047619 0.000670919283217
0.029702970297 0.000670919283217
0.0296296296296 0.000670919283217
0.0295857988166 0.000670919283217
0.0295566502463 0.000670919283217
0.0295358649789 0.000670919283217
0.0294117647059 0.000670919283217
0.029197080292 0.000670826289872
0.0291262135922 0.000670826289872
0.0289855072464 0.000670826289872
0.028901734104 0.000670826289872
0.0288461538462 0.000670826289872
0.0288065843621 0.000670826289872
0.0287769784173 0.000670826289872
0.0287081339713 0.000670826289872
0.0285714285714 0.000670826289872
0.0284360189573 0.00067051403133
0.0284090909091 0.00067051403133
0.0283687943262 0.00067051403133
0.0283018867925 0.00067051403133
0.0282485875706 0.00067051403133
0.0281690140845 0.00067051403133
0.0280898876404 0.00067051403133
0.0280373831776 0.00067051403133
0.027972027972 0.00067051403133
0.0279329608939 0.00067051403133
0.0278884462151 0.00067051403133
0.0277777777778 0.00067051403133
0.0276243093923 0.000670484327237
0.0275862068966 0.000670484327237
0.0275229357798 0.000670484327237
0.0274725274725 0.000670484327237
0.027397260274 0.000670484327237
0.0273224043716 0.000670484327237
0.0272727272727 0.000670484327237
0.0272108843537 0.000670484327237
0.0271739130435 0.000670484327237
0.027027027027 0.000670484327237
0.0269058295964 0.000670328316723
0.0268817204301 0.000670328316723
0.0268456375839 0.000670328316723
0.0267857142857 0.000670328316723
0.0267379679144 0.000670328316723
0.0266666666667 0.000670328316723
0.0265486725664 0.000670328316723
0.0264900662252 0.000670328316723
0.0263157894737 0.000670328316723
0.0261780104712 0.000670172366249
0.0261437908497 0.000670172366249
0.0260869565217 0.000670172366249
0.025974025974 0.000670172366249
0.0258620689655 0.000670172366249
0.0258064516129 0.000670172366249
0.025641025641 0.000670172366249
0.0254777070064 0.000670298649941
0.0254237288136 0.000670298649941
0.0253164556962 0.000670298649941
0.0252100840336 0.000670298649941
0.0251572327044 0.000670298649941
0.0251046025105 0.000670298649941
0.025 0.000670298649941
0.0248756218905 0.000670142728042
0.0248447204969 0.000670142728042
0.0247933884298 0.000670142728042
0.0247524752475 0.000670142728042
0.0246913580247 0.000670142728042
0.0246305418719 0.000670142728042
0.0245901639344 0.000670142728042
0.0245398773006 0.000670142728042
0.0245098039216 0.000670142728042
0.0243902439024 0.000670142728042
0.0242914979757 0.00066951964002
0.0242718446602 0.00066951964002
0.0242424242424 0.00066951964002
0.0241935483871 0.00066951964002
0.024154589372 0.00066951964002
0.0240963855422 0.00066951964002
0.024 0.00066951964002
0.0239520958084 0.00066951964002
0.0238095238095 0.00066951964002
0.0236966824645 0.000669364017749
0.0236686390533 0.000669364017749
0.0236220472441 0.000669364017749
0.0235294117647 0.000669364017749
0.0234375 0.000669364017749
0.0233918128655 0.000669364017749
0.0233644859813 0.000669364017749
0.0232558139535 0.000669364017749
0.0231481481481 0.000669115973285
0.0231213872832 0.000669115973285
0.0230769230769 0.000669115973285
0.0229885057471 0.000669115973285
0.0229007633588 0.000669115973285
0.0228571428571 0.000669115973285
0.0228310502283 0.000669115973285
0.0227272727273 0.000669115973285
0.0225563909774 0.000668960514744
0.0225225225225 0.000668960514744
0.0224719101124 0.000668960514744
0.0223880597015 0.000668960514744
0.0223463687151 0.000668960514744
0.0223214285714 0.000668960514744
0.0222222222222 0.000668960514744
0.0220994475138 0.000668805115946
0.0220588235294 0.000668805115946
0.0220264317181 0.000668805115946
0.021978021978 0.000668805115946
0.021897810219 0.00066893110317
0.0218340611354 0.00066893110317
0.0217391304348 0.00066893110317
0.0216216216216 0.000668620422062
0.0215827338129 0.000668620422062
0.0215053763441 0.000668620422062
0.0214592274678 0.000668620422062
0.0214285714286 0.000668620422062
0.0213903743316 0.000668620422062
0.0213675213675 0.000668620422062
0.0212765957447 0.000668620422062
0.021186440678 0.00066849879426
0.0211267605634 0.00066849879426
0.0210526315789 0.00066849879426
0.020979020979 0.00066849879426
0.0209205020921 0.00066849879426
0.0208333333333 0.00066849879426
0.0207468879668 0.00066849879426
0.020725388601 0.00066849879426
0.0206896551724 0.00066849879426
0.020618556701 0.00066849879426
0.0205761316872 0.00066849879426
0.0205479452055 0.00066849879426
0.0204081632653 0.00066849879426
0.020325203252 0.000668188496401
0.0203045685279 0.000668188496401
0.0202702702703 0.000668188496401
0.020202020202 0.000668188496401
0.0201342281879 0.000668188496401
0.0201005025126 0.000668188496401
0.02 0.000668188496401
0.0199203187251 0.000667878436755
0.0199004975124 0.000667878436755
0.0198675496689 0.000667878436755
0.019801980198 0.000667878436755
0.0197368421053 0.000667878436755
0.0196078431373 0.000667878436755
0.019512195122 0.000667878436755
0.0194805194805 0.000667878436755
0.0194174757282 0.000667878436755
0.0193548387097 0.000667878436755
0.0193236714976 0.000667878436755
0.019305019305 0.000667878436755
0.0192307692308 0.000667878436755
0.0191387559809 0.000667878436755
0.0191082802548 0.000667878436755
0.0190476190476 0.000667878436755
0.0189873417722 0.000667878436755
0.0189573459716 0.000667878436755
0.0188679245283 0.000667878436755
0.01875 0.000667878436755
0.018691588785 0.000667878436755
0.0186567164179 0.000667878436755
0.0186335403727 0.000667878436755
0.0186046511628 0.000667878436755
0.0185185185185 0.000667878436755
0.0184049079755 0.000667878436755
0.0183486238532 0.000667878436755
0.0182926829268 0.000667878436755
0.0182648401826 0.000667878436755
0.0181818181818 0.000667878436755
0.0180995475113 0.000667723496184
0.0180722891566 0.000667723496184
0.018018018018 0.000667723496184
0.0179640718563 0.000667723496184
0.0179372197309 0.000667723496184
0.0178571428571 0.000667723496184
0.0177777777778 0.000667568615073
0.0177514792899 0.000667568615073
0.0176991150442 0.000667568615073
0.0176470588235 0.000667568615073
0.0176211453744 0.000667568615073
0.0175438596491 0.000667568615073
0.0174418604651 0.000667259031103
0.0173913043478 0.000667259031103
0.0173410404624 0.000667259031103
0.017316017316 0.000667259031103
0.0172413793103 0.000667259031103
0.0171428571429 0.000667259031103
0.017094017094 0.000667259031103
0.0170454545455 0.000667259031103
0.0169491525424 0.000667259031103
0.0168539325843 0.000667259031103
0.016835016835 0.000667259031103
0.0168067226891 0.000667259031103
0.0167597765363 0.000667259031103
0.0166666666667 0.000667259031103
0.0165745856354 0.000667259031103
0.0165289256198 0.000667259031103
0.0164835164835 0.000667259031103
0.016393442623 0.000667259031103
0.0163043478261 0.000667259031103
0.0162601626016 0.000667259031103
0.0162162162162 0.000667259031103
0.0161290322581 0.000667259031103
0.0160427807487 0.000667259031103
0.016 0.000667259031103
0.0159574468085 0.000667259031103
0.015873015873 0.000667259031103
0.0157894736842 0.000667259031103
0.0157480314961 0.000667259031103
0.0157068062827 0.000667259031103
0.0156862745098 0.000667259031103
0.015625 0.000667259031103
0.0155440414508 0.000667259031103
0.015503875969 0.000667259031103
0.0154639175258 0.000667259031103
0.015444015444 0.000667259031103
0.0153846153846 0.000667259031103
0.0153256704981 0.000667104328182
0.015306122449 0.000667104328182
0.0152671755725 0.000667104328182
0.0152284263959 0.000667104328182
0.0151515151515 0.000667104328182
0.0150753768844 0.000667104328182
0.015037593985 0.000667104328182
0.015 0.000667104328182
0.0149253731343 0.000667104328182
0.0148514851485 0.000666949684596
0.0148148148148 0.000666949684596
0.0147783251232 0.000666949684596
0.0147058823529 0.000666949684596
0.0146341463415 0.000666949684596
0.014598540146 0.000666949684596
0.0145631067961 0.000666949684596
0.0144927536232 0.000666949684596
0.0144230769231 0.000666795100313
0.0143884892086 0.000666795100313
0.0143540669856 0.000666795100313
0.0142857142857 0.000666795100313
0.0142180094787 0.000666640575302
0.0141843971631 0.000666640575302
0.0141509433962 0.000666640575302
0.0140845070423 0.000666640575302
0.0140186915888 0.000666640575302
0.013986013986 0.000666640575302
0.0139534883721 0.000666640575302
0.0138888888889 0.000666640575302
0.0138248847926 0.000666486109533
0.0137931034483 0.000666486109533
0.0137614678899 0.000666486109533
0.013698630137 0.000666486109533
0.0136363636364 0.000666486109533
0.0136054421769 0.000666486109533
0.0135746606335 0.000666486109533
0.0135135135135 0.000666486109533
0.0134529147982 0.000666486109533
0.0134228187919 0.000666486109533
0.0133333333333 0.000666486109533
0.0132450331126 0.000666486109533
0.0131578947368 0.000666486109533
0.0131004366812 0.000666331702973
0.0130718954248 0.000666331702973
0.0130434782609 0.000666331702973
0.012987012987 0.000666331702973
0.0129032258065 0.000666331702973
0.0128755364807 0.000666331702973
0.0128205128205 0.000666331702973
0.0127659574468 0.000666331702973
0.0127388535032 0.000666331702973
0.0127118644068 0.000666331702973
0.0126582278481 0.000666331702973
0.0126050420168 0.000666331702973
0.0125786163522 0.000666331702973
0.0125 0.000666331702973
0.0124223602484 0.000666331702973
0.0123966942149 0.000666331702973
0.0123456790123 0.000666331702973
0.0122699386503 0.000666331702973
0.0121951219512 0.000666331702973
0.0121457489879 0.000666331702973
0.0121212121212 0.000666331702973
0.0120967741935 0.000666331702973
0.0120481927711 0.000666331702973
0.012 0.000666331702973
0.0119760479042 0.000666331702973
0.0119047619048 0.000666331702973
0.0118343195266 0.000666331702973
0.0117647058824 0.000666331702973
0.0116959064327 0.000666331702973
0.0116279069767 0.000666331702973
0.011583011583 0.000666331702973
0.0115606936416 0.000666331702973
0.0114942528736 0.000666331702973
0.0114285714286 0.000666331702973
0.0114068441065 0.000666331702973
0.0113636363636 0.000666331702973
0.0112994350282 0.000666331702973
0.0112359550562 0.000666331702973
0.0111731843575 0.000666331702973
0.0111111111111 0.000666331702973
0.0110497237569 0.000666177355591
0.010989010989 0.000666177355591
0.0109289617486 0.000666177355591
0.0108695652174 0.000666177355591
0.0108108108108 0.000666177355591
0.010752688172 0.000666177355591
0.0106951871658 0.000666177355591
0.0106382978723 0.000666177355591
0.010582010582 0.000666177355591
0.0105263157895 0.000666177355591
0.0104712041885 0.000666177355591
0.0104166666667 0.000666177355591
0.0103626943005 0.000666177355591
0.0103092783505 0.000666177355591
0.0102564102564 0.000666177355591
0.0102040816327 0.000666177355591
0.010152284264 0.000666177355591
0.010101010101 0.000666177355591
0.0100502512563 0.000666177355591
0.01 0.000666177355591
0.00995024875622 0.000666177355591
0.00990099009901 0.000666177355591
0.00985221674877 0.000666023067358
0.00980392156863 0.000666023067358
0.00975609756098 0.000666023067358
0.00970873786408 0.000666023067358
0.00966183574879 0.000666023067358
0.00961538461538 0.000666023067358
0.00956937799043 0.000666023067358
0.00952380952381 0.000666023067358
0.00947867298578 0.000666023067358
0.00943396226415 0.000666023067358
0.0093896713615 0.000665868838241
0.00934579439252 0.000665868838241
0.0093023255814 0.000665868838241
0.00925925925926 0.000665868838241
0.00921658986175 0.000665868838241
0.00917431192661 0.000665868838241
0.00913242009132 0.000665868838241
0.00909090909091 0.000665868838241
0.00904977375566 0.000665868838241
0.00900900900901 0.000665868838241
0.00896860986547 0.000665868838241
0.00892857142857 0.000665868838241
0.00888888888889 0.000665868838241
0.00884955752212 0.000665868838241
0.00877192982456 0.000665868838241
0.00873362445415 0.000665868838241
0.00869565217391 0.000665868838241
0.00865800865801 0.000665868838241
0.00862068965517 0.000665868838241
0.00858369098712 0.000665868838241
0.00854700854701 0.000665868838241
0.00851063829787 0.000665868838241
0.00847457627119 0.000665868838241
0.00840336134454 0.000665868838241
0.00836820083682 0.000665868838241
0.00833333333333 0.000665868838241
0.00826446280992 0.000665868838241
0.00819672131148 0.000665868838241
0.00813008130081 0.000665868838241
0.00806451612903 0.000665868838241
0.00803212851406 0.000665868838241
0.008 0.000665868838241
0.00793650793651 0.000665868838241
0.00790513833992 0.000665868838241
0.00787401574803 0.000665868838241
0.0078431372549 0.000665868838241
0.0078125 0.000665868838241
0.0077519379845 0.000665868838241
0.00769230769231 0.000665868838241
0.00763358778626 0.000665868838241
0.00757575757576 0.000665868838241
0.00751879699248 0.000665868838241
0.00746268656716 0.000665868838241
0.00740740740741 0.000665868838241
0.00738007380074 0.000665868838241
0.00735294117647 0.000665868838241
0.00729927007299 0.000665868838241
0.00724637681159 0.000665868838241
0.00719424460432 0.000665868838241
0.00714285714286 0.000665868838241
0.00709219858156 0.000665868838241
0.00704225352113 0.000665868838241
0.00699300699301 0.000665868838241
0.00694444444444 0.000665868838241
0.00689655172414 0.000665868838241
0.00684931506849 0.000665868838241
0.00680272108844 0.000665868838241
0.00675675675676 0.000665868838241
0.00671140939597 0.000665868838241
0.00666666666667 0.000665868838241
0.00662251655629 0.000665868838241
0.00657894736842 0.000665406505279
0.00653594771242 0.000665406505279
0.00649350649351 0.000665406505279
0.00645161290323 0.000665406505279
0.00641025641026 0.000665406505279
0.00636942675159 0.000665406505279
0.00632911392405 0.000665406505279
0.0062893081761 0.000665406505279
0.00625 0.000665406505279
0.00621118012422 0.000665406505279
0.00617283950617 0.000665406505279
0.00613496932515 0.000665406505279
0.00609756097561 0.000665406505279
0.00606060606061 0.000665406505279
0.00602409638554 0.000665406505279
0.0059880239521 0.000665406505279
0.00595238095238 0.000665406505279
0.00591715976331 0.000665406505279
0.00588235294118 0.000665406505279
0.00584795321637 0.000665406505279
0.00581395348837 0.000665406505279
0.00578034682081 0.000665406505279
0.00574712643678 0.000665406505279
0.00571428571429 0.000665406505279
0.00568181818182 0.000665406505279
0.00564971751412 0.000665406505279
0.00561797752809 0.000665406505279
0.00558659217877 0.000665406505279
0.00555555555556 0.000665406505279
0.00552486187845 0.000665406505279
0.00549450549451 0.000665406505279
0.00546448087432 0.000665406505279
0.0054347826087 0.000665406505279
0.00540540540541 0.000665406505279
0.00537634408602 0.000665406505279
0.00534759358289 0.000665406505279
0.00531914893617 0.000665406505279
0.00529100529101 0.000665406505279
0.00526315789474 0.000665406505279
0.00523560209424 0.000665406505279
0.00520833333333 0.000665406505279
0.00518134715026 0.000665406505279
0.00515463917526 0.000665406505279
0.00512820512821 0.000665406505279
0.00510204081633 0.000665406505279
0.00507614213198 0.000665406505279
0.00505050505051 0.000665406505279
0.00502512562814 0.000665406505279
0.005 0.000665406505279
0.00497512437811 0.000665406505279
0.0049504950495 0.000665406505279
0.00492610837438 0.000665406505279
0.00490196078431 0.000665406505279
0.00487804878049 0.000665406505279
0.00485436893204 0.000665406505279
0.0048309178744 0.000665406505279
0.00480769230769 0.000665406505279
0.00478468899522 0.000665406505279
0.0047619047619 0.000665406505279
0.00473933649289 0.000665406505279
0.00471698113208 0.000665406505279
0.00469483568075 0.000665406505279
0.00467289719626 0.000665406505279
0.0046511627907 0.000665406505279
0.00462962962963 0.000665406505279
0.00460829493088 0.000665406505279
0.0045871559633 0.000665406505279
0.00456621004566 0.000665406505279
0.00454545454545 0.000665406505279
0.00452488687783 0.000665406505279
0.0045045045045 0.000665406505279
0.00448430493274 0.000665406505279
0.00446428571429 0.000665406505279
0.00444444444444 0.000665406505279
0.00442477876106 0.000665406505279
0.00438596491228 0.000665406505279
0.00436681222707 0.000665406505279
0.00434782608696 0.000665406505279
0.004329004329 0.000665406505279
0.00431034482759 0.000665406505279
0.00429184549356 0.000665406505279
0.00425531914894 0.000665406505279
0.00423728813559 0.000665406505279
0.0042194092827 0.000665406505279
0.00420168067227 0.000665406505279
0.00418410041841 0.000665406505279
0.00416666666667 0.000665406505279
0.00411522633745 0.000665406505279
0.00408163265306 0.000665406505279
0.00406504065041 0.000665406505279
0.00401606425703 0.000665406505279
0.00396825396825 0.000665406505279
0.00393700787402 0.000665406505279
0.00387596899225 0.000665406505279
0.00380228136882 0.000665406505279
0.00344827586207 0.000665406505279
0.0 0.000665406505279
