1 322 126
2 561 383 126
3 676 352
4 561 707 767 383
5 715 550
6 496 695
7 173 514
8 366 274
9 355 634
10 391 197
11 767 284
12 296 301
13 91 510 438 265
14 312 275 266
15 701 243
16 130 23
17 482 127
18 253 447
19 522 377
20 621 141
21 158 330 377 90
22 648 85
23 429 329 551 545
24 133 229
25 648 735
26 670 243
27 167 559
28 114 420 330 455
29 355 619
30 758 213
31 623 657
32 39 582 275 276 436 279 669
33 550 444
34 389 706
35 237 545
36 392 165
37 470 93
38 550 286
39 730 382 515 255
40 560 174
41 555 526 251 539
42 473 721
43 670 596
44 162 509
45 520 210
46 355 113
47 587 508
48 630 476
49 158 625
50 188 435 626
51 570 127
52 623 280
53 657 480
54 245 309
55 356 571
56 591 319 620 422 717 515 557 425 115 730 62 494 78 86 255
57 652 284
58 555 14
59 473 342
60 453 720
61 158 400
62 587 89
63 404 454
64 653 489
65 598 543
66 554 26 171
67 606 240
68 446 431
69 592 516
70 153 161
71 69 355
72 525 248
73 561 707 383
74 687 400
75 151 385
76 630 26 171
77 246 650
78 453 342
79 526 651 330 377
80 520 142
81 227 424
82 649 512
83 720 636
84 431 52
85 12 679 716 718 371 83 502
86 518 253
87 335 587 330 90
88 750 502
89 296 6
90 482 746
91 47 735
92 559 745 625 754 335 571 685 455 36 132 498 477 279 511 90 268 375 248 377 96
93 486 304
94 174 303
95 365 154 276
96 301 210
97 308 587
98 554 249
99 122 161
100 56 353 243
101 735 148
102 151 607
103 309 301
104 176 409
105 161 431
106 115 319 103 280 167
107 234 378
108 128 253
109 429 420
110 120 666
111 279 253
112 339 626 646 188 228 85
113 687 179
114 472 722 177 512 446
115 252 336
116 158 642
117 414 336 597
118 90 636 132
119 549 411
120 302 349
121 366 648
122 590 526
123 30 689 460
124 760 141
125 18 719
126 280 250
127 152 460
128 524 64
129 252 18
130 539 408
131 709 265
132 760 214 701
133 356 174
134 485 679
135 82 691
136 678 190
137 90 686
138 630 657
139 259 462
140 664 395
141 180 563
142 750 342
143 114 664
144 632 567
145 247 274
146 252 522
147 77 155 589
148 619 609
149 101 476
150 459 158
151 745 395
152 549 249
153 649 332
154 389 145
155 555 522
156 638 712
157 166 556 444
158 296 390
159 630 666
160 555 309
161 664 241
162 278 389
163 144 544
164 745 516
165 223 558
166 670 709
167 103 18
168 524 519 728
169 128 594
170 414 212
171 330 333
172 308 480
173 451 454
174 657 576
175 676 145 153
176 392 280
177 514 266
178 89 709
179 176 145
180 568 709
181 570 353 243 479
182 485 223
183 525 265
184 424 767 532
185 555 43
186 114 526
187 573 369
188 459 567
189 699 347
190 323 484
191 557 400
192 136 509
193 54 18
194 576 532
195 114 585
196 735 734
197 188 28 626 514
198 429 390
199 654 332
200 440 276
201 82 18
202 733 698
203 224 107
204 643 454
205 508 516
206 689 709
207 295 482
208 216 151
209 687 385
210 46 161
211 494 130
212 691 709 211 443 334 31 156 42 563 133 640 152 186 651 549 56 257 220
213 482 431
214 421 340
215 252 201
216 321 570 213
217 367 95
218 330 377 112
219 278 405
220 630 415 78 255
221 657 3
222 101 576
223 45 162
224 175 516
225 10 197
226 762 253
227 90 432
228 605 632 113 617 333 190 114 131 116 265 486 484 283 138 497 58 48 519 517 720 420 373 728 368
229 598 232
230 355 411
231 489 480
232 621 691
233 716 550
234 151 167
235 274 691 42
236 295 223
237 384 64
238 130 4
239 158 608
240 355 2 396 694
241 532 544 16 418 562 700 424
242 18 619
243 366 160
244 101 66 277
245 535 248 552
246 224 266
247 131 21
248 479 223 243
249 561 383 238 707
250 664 125
251 558 710
252 709 488
253 561 579 761 383
254 234 521
255 645 514
256 355 490
257 114 522
258 525 202
259 656 440
260 444 170
261 146 543 5 598
262 607 491
263 114 420 116 226
264 735 575
265 467 538
266 280 364
267 519 666
268 642 444
269 302 130
270 98 691
271 116 240
272 555 637
273 164 607
274 490 298
275 623 252
276 312 404 266
277 560 91
278 82 615
279 621 535 552
280 473 116
281 587 88
282 26 171 538
283 497 196
284 132 36 469 625 335 670 43 377 330
285 550 325
286 364 152
287 601 498
288 18 130
289 174 689
290 18 476
291 560 429
292 281 423
293 687 291
294 278 634
295 487 242
296 414 597
297 26 171 508
298 645 348
299 373 116 700
300 762 615
301 678 503
302 519 82
303 487 8
304 638 709
305 691 21
306 573 303
307 53 431
308 311 454
309 247 673
310 709 136
311 735 361
312 101 480
313 443 249
314 303 670
315 79 538
316 540 387
317 154 276 279 364 377
318 524 175
319 476 625
320 197 479 353 243
321 90 134
322 128 54
323 158 267
324 202 767
325 615 170
326 555 680
327 151 538
328 370 637
329 83 496
330 322 634 42
331 45 170
332 560 720
333 526 365 539
334 151 709
335 18 509
336 182 193
337 465 590 265
338 459 330
339 245 291
340 234 625
341 289 475
342 665 373
343 54 766
344 39 202 276
345 278 253
346 654 355
347 504 45
348 12 481
349 253 567
350 767 85
351 406 502 149
352 197 664
353 524 85
354 618 509
355 709 600
356 227 265
357 406 457 389
358 176 689
359 177 764
360 467 553
361 699 550
362 83 21
363 631 544 424 257
364 454 249
365 554 552
366 555 296
367 174 672
368 231 78
369 159 171
370 519 161
371 623 431
372 524 670
373 7 78
374 630 746
375 110 17 420 399 409 427
376 382 479
377 44 64
378 54 332
379 234 196
380 450 180 44
381 458 158
382 82 271
383 628 565
384 666 384
385 657 257
386 252 435
387 208 687
388 623 248
389 355 332
390 750 433
391 698 607
392 620 170
393 623 227
394 308 10
395 279 135
396 202 152
397 630 735
398 49 287 651
399 620 348
400 586 387
401 459 14
402 144 205
403 303 330
404 654 670
405 442 18
406 158 736
407 670 408
408 283 275
409 308 745
410 451 709 290
411 366 516
412 391 259
413 88 709
414 538 332
415 69 373 116
416 371 768
417 759 229
418 620 81
419 717 730 620 20 345 63 434 255 615
420 308 670
421 12 595 499 343 455
422 33 687
423 33 116
424 687 431
425 520 532
426 623 699
427 257 71
428 80 432
429 366 696
430 209 687
431 167 564 293
432 30 460 218
433 289 694
434 251 552
435 281 679
436 366 246
437 469 694
438 249 596
439 619 154
440 373 248
441 146 1 145 559 602 483 36 120 487 738 498 413 511 165 436 5 375 503 96
442 421 642
443 12 202
444 278 454
445 391 224
446 223 73
447 21 162
448 390 190
449 607 485
450 18 341
451 322 634
452 61 479 243 682
453 587 280
454 460 669
455 554 448
456 373 732
457 389 167
458 676 153
459 64 431
460 745 550
461 253 67
462 525 280
463 308 440
464 687 672
465 69 619
466 174 365
467 432 342
468 549 694
469 235 584
470 347 41
471 278 235
472 145 688
473 214 144
474 176 621
475 180 5
476 429 30
477 133 220 56 538
478 687 576
479 735 476
480 506 450 44 534
481 195 26 592 171
482 601 14 718 748 716 59 405 589 537 61 416 404 168 149 228 83 236 682 502 679
483 383 157
484 558 614
485 685 144
486 43 729
487 202 595
488 440 365
489 429 315
490 735 342
491 706 173 500
492 584 275
493 92 339 85
494 623 742 601 679 718 748 301 715 589 61 168 228 199 149 25 59 404 352 705 371 328 502 682
495 77 480
496 476 21
497 47 368
498 278 760 214
499 487 278
500 560 672
501 486 276 279
502 532 286
503 90 311
504 308 214
505 252 622
506 234 760
507 560 90
508 389 298
509 520 298
510 279 132 222 330
511 558 361
512 2 694 30 460
513 379 592
514 567 332
515 235 93
516 69 767
517 389 479
518 692 478
519 267 608
520 252 433
521 164 355 585
522 746 335 90 268 330 377
523 373 116 703
524 339 265 85
525 249 213
526 247 45
527 295 349
528 579 761 445
529 86 22
530 657 145
531 247 446
532 620 645
533 158 502
534 446 213
535 591 21
536 727 532
537 593 333
538 69 485
539 486 728 567
540 296 265
541 417 503
542 355 689
543 175 694
544 323 615
545 69 137
546 215 735
547 44 26
548 590 484
549 525 175
550 2 396 538
551 296 101
552 442 162
553 227 592
554 742 199 679 603 718 748 705 715 556 149 168 716 228 83 236 589 328 541 38 59 352 601 537 416 404 25 301 371 8 687 502 683 646
555 555 164
556 155 445
557 534 27
558 753 420 116
559 339 248 85
560 555 494
561 709 588
562 373 664
563 167 745
564 59 679 571 589 404 276 279 436 559 149 502
565 543 144
566 146 330 559 154 625 754 335 571 664 455 60 36 120 436 12 498 499 279 487 90 268 483 118 165 198 1 81 685 132 745 602 43 641 5 477 413 511 738 96 375 72
567 418 187 16 666 562 196 490 532
568 458 538
569 152 156 638 31 671 53 314 640 186 463 251 549 285
570 630 619
571 226 534
572 484 246
573 686 170
574 768 286
575 664 126
576 280 71
577 476 330
578 429 665
579 95 567
580 593 276
581 750 645
582 543 489 598
583 621 17 639 104 110 388 367 225 399 409 427
584 496 257
585 617 550
586 341 71
587 392 116 420 663
588 563 265
589 30 460
590 564 550
591 458 114 116 420 373
592 750 626
593 82 21
594 323 411
595 467 720
596 201 423
597 188 576
598 395 516
599 3 520
600 485 576
601 465 720
602 494 302
603 519 114 116 366 420 728
604 202 89
605 473 567
606 737 281 759 556 166
607 631 152 756 763 563 463 192 127 574 495 251 257 220 726 314 338 183 31 56 42 524 640 526 186 647 334 549 539
608 379 223
609 296 64
610 528 488
611 762 346
612 83 89 679 589
613 678 85
614 252 642
615 442 253
616 591 620 210 730 18 557 415 62 78 255
617 60 529
618 631 578 678 647 334 31 56 463 192 726 526 563 133 127 574 257 338
619 694 516
620 280 549 186
621 429 752 343
622 12 735
623 308 746
624 454 275
625 77 145 155
626 763 161
627 478 626
628 309 119
629 310 522
630 735 711
631 271 364
632 406 205 457
633 670 502
634 692 356
635 664 71
636 323 593
637 715 251
638 116 609
639 524 114
640 406 229 457
641 267 299
642 296 598 543
643 727 14
644 135 615
645 638 187
646 542 622
647 308 709
648 563 257 229
649 309 454
650 18 52
651 450 590
652 114 116 689 420
653 202 695
654 759 476
655 201 309
656 618 438
657 560 48
658 689 107
659 448 178
660 458 745
661 288 689
662 526 152 56 756 156 42 440 285 539
663 715 699
664 1 520 140 676 503 481
665 764 265
666 205 298
667 459 660
668 640 628
669 656 239 294 310 307
670 296 1
671 661 625
672 418 493
673 587 125
674 308 89
675 429 286
676 601 679 718 748 301 589 705 352 613 371 59
677 459 695
678 247 152
679 494 625
680 760 461
681 278 403
682 406 417 457
683 623 650
684 489 66 277
685 626 361
686 555 348
687 175 595
688 491 179
689 2 396 694 79 376
690 20 210 717 86 191 115 730 63 242 434 256 514 78
691 119 682
692 762 107
693 179 538
694 730 688
695 2 396 694 161
696 516 444
697 758 124
698 18 166 759 83
699 151 161
700 590 27 339 626 16 562 196 244 188 418 85
701 455 736
702 416 448
703 177 472 95
704 623 642
705 26 171 395
706 377 6
707 587 525
708 687 432
709 150 233
710 319 651 167 156
711 643 514
712 650 544
713 230 242
714 261 498
715 687 219
716 198 602 483 700 36 330 499 511 90 375
717 649 492
718 730 408
719 443 484
720 117 249
721 638 512
722 687 565
723 384 481
724 598 137
725 657 621
726 235 584 302
727 248 79
728 161 361
729 383 561 707 202
730 638 397
731 278 570
732 24 751 37
733 304 709
734 449 48
735 417 89
736 618 444
737 611 385 386
738 534 257
739 308 66 277
740 442 342
741 591 592 210 730 195 415 62 267 242 434 78 255
742 329 551 545
743 278 636
744 66 277
745 60 651
746 309 134
747 82 336
748 355 64
749 592 298
750 555 288
751 195 175
752 1 214 481
753 691 170
754 519 706
755 598 615
756 171 148
757 587 552
758 341 658
759 514 615
760 46 625
761 440 257
762 555 248
763 485 248
764 670 558
765 487 384
766 666 249
767 524 732 469
768 623 153
769 508 22
770 253 677
771 717 266
772 691 592
773 606 232
774 259 708
775 429 732
776 524 697
777 767 126
778 570 709
779 635 220
780 26 45
781 590 420
782 90 517 105
783 355 453 325
784 365 162
785 234 532 424
786 445 162
787 322 151
788 366 459
789 619 567
790 247 56
791 432 161
792 158 444
793 223 514
794 383 21
795 592 559
796 158 355
797 116 266
798 735 596
799 200 152 756 631 763 563 671 463 574 70 495 127 251 175 691 697 31 56 42 53 257 726 183 526 6
800 407 558 376
801 364 709
802 735 550
803 600 333
804 26 679 228 171
805 623 64
806 732 635
807 252 333
808 698 295
809 396 431
810 364 448
811 26 171
812 591 415 709 210 242 78
813 158 665
814 278 263
815 151 510 91
816 687 496
817 202 292 580
818 560 265
819 151 158
820 82 396
821 151 41
822 440 645
823 355 174
824 442 152
825 716 320
826 658 481
827 525 396
828 265 148
829 715 466
830 763 484
831 464 735
832 323 64
833 114 420 361
834 649 747
835 508 126
836 367 697
837 537 590
838 494 82
839 518 522
840 64 516
841 604 462
842 133 454
843 377 325
844 54 39
845 91 510 550
846 309 687
847 667 759
848 319 750 167
849 224 433
850 664 695
851 355 522
852 715 155
853 752 433
854 25 535 502 552
855 537 524
856 30 107
857 39 477 276 90 649 279 571 330 377
858 145 576
859 494 342
860 604 679 748 502 149
861 406 457 332
862 95 672
863 709 350
864 560 538
865 473 226
866 652 644
867 649 265
868 762 161
869 664 595
870 98 431
871 321 567
872 656 364 310
873 648 116 420
874 675 589
875 630 709
876 687 621
877 164 54
878 296 482
879 561 473
880 308 672
881 638 735
882 424 489
883 625 369
884 407 249
885 208 746
886 577 359 126
887 555 750
888 62 331 255
889 167 291
890 167 482
891 453 295
892 621 342
893 26 653 171
894 252 490
895 525 516
896 174 14
897 472 626 719 590 465 263 473 244 736 177 188 512
898 82 750
899 664 173
900 39 276 445
901 175 85
902 741 509
903 638 687
904 715 85
905 443 589
906 692 709
907 77 277
908 524 473
909 541 482
910 91 510 720 438
911 630 291
912 403 64
913 197 454
914 482 342
915 205 361
916 165 432
917 308 152
918 308 471
919 664 448
920 259 576
921 139 701
922 664 352
923 93 670
924 443 373
925 469 339
926 568 498
927 433 531
928 355 27
929 152 502
930 205 137
931 676 199
932 484 190 736
933 631 701
934 63 81
935 308 260 65 49 677 419 287 765
936 423 14
937 598 355
938 146 120 140 602 571 413 641 498 503 1 685 652 738 436 165 5 483 676 481 96
939 252 133 220
940 588 596
941 623 176
942 284 126
943 265 736
944 687 655
945 591 620 345 515 557 714 415 255 730 62 440 103 422 425 78
946 586 525
947 471 575
948 245 488
949 564 626
950 429 522
951 528 156 443 334 302 285
952 678 137
953 560 593
954 4 162
955 145 550
956 549 265
957 417 670
958 308 88 292 580
959 445 332
960 151 508
961 735 444
962 732 469 266 638 312
963 470 21
964 26 257
965 180 223
966 656 516
967 1 694
968 114 432
969 101 552
970 670 747
971 621 339 85
972 108 43 625
973 145 64
974 323 188 626
975 534 672
976 418 646
977 197 520
978 550 265
979 670 538
980 429 341
981 281 275
982 247 161
983 638 480
984 691 660
985 421 391 424 16
986 214 760 85
987 153 298
988 174 79
989 443 650
990 520 361
991 252 431
992 656 310
993 429 47
994 390 469
995 142 43
996 619 509
997 522 456
998 709 445
999 18 136
1000 443 265
1001 25 416 38 59 679 371 601 233
1002 652 137
1003 735 52
1004 339 626 596 666 196 263 421 188 514 85
1005 506 450 44 126
1006 631 145 756 578 31 563 463 574 183 152 186 647 495 251 528 257
1007 176 715
1008 586 769 559 154 625 754 312 330 279 455 120 132 498 266 229 90 469 268 483 271 43 641 732 436 582 375
1009 701 361
1010 762 445
1011 270 381
1012 694 361
1013 700 520
1014 64 232
1015 214 243
1016 364 21
1017 83 665 502 679
1018 573 18
1019 554 691
1020 468 460
1021 129 167
1022 373 544
1023 60 356
1024 435 161
1025 158 445
1026 636 265
1027 679 748 705 759 556 331 589 130 737 83 166 149 683
1028 4 254
1029 761 468
1030 55 473
1031 442 2 396 694
1032 355 468
1033 308 195 210 78
1034 252 332
1035 1 436 699 483 503
1036 443 645
1037 494 64
1038 700 361
1039 80 402
1040 595 746
1041 656 249
1042 202 369
1043 735 124
1044 423 233
1045 670 614
1046 750 609
1047 180 361
1048 434 671
1049 145 101
1050 732 520
1051 308 395
1052 284 489
1053 202 291
1054 146 754 335 36 330 132 498 477 71 279 90 268 375 118 377
1055 560 438
1056 746 395
1057 26 767 171
1058 366 735
1059 750 448
1060 615 408
1061 260 287 672 419
1062 12 499 455 385
1063 373 116 41
1064 546 746
1065 308 25 679 748 83 502 149
1066 128 275
1067 252 706
1068 406 253
1069 54 538
1070 383 634
1071 278 332
1072 592 199 352 371 8 236
1073 716 476
1074 450 44 482
1075 389 596
1076 2 735 396 694
1077 636 651
1078 366 672
1079 609 161
1080 365 254
1081 675 409
1082 235 637
1083 263 693
1084 570 142 321 475
1085 166 440 737
1086 664 694
1087 752 190
1088 670 446
1089 464 116
1090 534 446
1091 599 257 409
1092 550 538
1093 767 653
1094 259 481
1095 630 308
1096 364 242
1097 649 151
1098 164 632
1099 93 755
1100 644 493
1101 18 445
1102 158 735
1103 755 615
1104 459 130
1105 648 265
1106 278 250
1107 519 116 559
1108 763 56 720 220
1109 638 95
1110 418 550
1111 202 136
1112 82 443 549 539
1113 718 516
1114 560 473
1115 355 697
1116 739 395
1117 667 285
1118 532 475
1119 26 101 171
1120 429 100
1121 629 527
1122 591 584 620 235
1123 407 39
1124 733 490
1125 638 593
1126 449 658
1127 481 376
1128 649 459
1129 202 265
1130 657 475
1131 164 27
1132 12 79 376
1133 709 491
1134 643 116
1135 691 567
1136 455 754 335 554 36 330 120 132 498 477 511 90 375 96
1137 167 550
1138 670 570 142
1139 253 689
1140 319 167 735
1141 278 223
1142 177 512 672
1143 82 416
1144 313 477
1145 716 423
1146 323 4
1147 436 323
1148 766 265
1149 158 725
1150 423 455
1151 3 550
1152 570 658
1153 715 610
1154 77 339 188 85 191 514 286
1155 63 20 737 242 717 166 256 452
1156 698 642
1157 442 226
1158 223 672
1159 638 618
1160 355 161
1161 534 471
1162 656 174
1163 616 210
1164 665 720
1165 166 628 565
1166 119 709
1167 670 73
1168 691 178
1169 330 668
1170 227 223
1171 252 538
1172 554 222
1173 27 521
1174 735 615
1175 296 298
1176 117 65
1177 540 689
1178 446 614
1179 554 226
1180 373 64
1181 19 18 237
1182 158 432
1183 234 355
1184 689 387
1185 665 453
1186 649 135
1187 253 733
1188 144 481
1189 373 466
1190 176 95
1191 649 4
1192 117 265 668
1193 30 223
1194 174 567
1195 626 187
1196 670 644
1197 64 660
1198 610 261
1199 216 459 143 530 29 307 239 439 294 230
1200 720 660
1201 709 112
1202 482 614
1203 433 615
1204 494 645
1205 727 670
1206 158 757
1207 253 709
1208 309 144
1209 560 95
1210 656 90
1211 355 93
1212 760 305
1213 82 249
1214 638 357 354
1215 687 89
1216 342 444
1217 252 750
1218 381 609
1219 389 85
1220 226 558
1221 60 451
1222 296 561 707 383
1223 649 648
1224 389 538
1225 735 315
1226 720 385 113
1227 202 516
1228 560 494
1229 384 155
1230 664 249
1231 482 6
1232 68 538
1233 716 176
1234 278 280
1235 187 112
1236 90 113 330 720
1237 664 136
1238 281 590
1239 630 658
1240 25 601 748 705 589 404 168 371 175 502 541
1241 278 46
1242 265 369
1243 609 650
1244 176 549
1245 390 609
1246 546 171
1247 98 735
1248 267 257
1249 166 101
1250 25 38 679 716 556 331 149 664 416 541 228 83 589 502
1251 691 578 338 756 18 42 574
1252 151 534
1253 309 448
1254 448 170
1255 176 448
1256 373 383
1257 365 522
1258 652 520
1259 252 518
1260 223 66 277
1261 453 482
1262 46 27
1263 202 636
1264 494 212
1265 722 431
1266 638 454
1267 355 445
1268 288 253
1269 374 78
1270 429 453
1271 459 58
1272 29 736
1273 429 481
1274 687 346
1275 649 626
1276 373 116 482
1277 732 756 31 563 152 463
1278 690 185 638 548 28
1279 687 700
1280 122 694
1281 145 205
1282 137 361
1283 432 170
1284 664 480
1285 709 400
1286 18 546
1287 750 668
1288 665 12 499 745
1289 687 175
1290 1 622
1291 217 502
1292 303 396
1293 174 220
1294 498 41
1295 484 338 570 192
1296 725 709
1297 366 734
1298 380 242
1299 460 255
1300 443 483 498 754
1301 366 2
1302 60 343
1303 353 137
1304 144 520
1305 392 663 538
1306 473 444
1307 88 455
1308 707 508
1309 209 180
1310 239 668
1311 709 4
1312 630 151
1313 658 721
1314 689 353
1315 476 275
1316 10 534
1317 678 481
1318 746 350
1319 459 593
1320 308 275
1321 342 516
1322 311 354
1323 378 105
1324 525 167
1325 431 141
1326 560 636
1327 587 395
1328 604 212
1329 521 596
1330 364 689
1331 415 78 210 47
1332 450 577
1333 33 611
1334 278 497 368
1335 180 520
1336 263 724 760 214
1337 301 259 199 462
1338 322 634 558
1339 630 432
1340 638 10
1341 158 145
1342 760 341
1343 758 377
1344 429 356
1345 716 408
1346 592 532 195 424
1347 145 41
1348 309 90
1349 272 594
1350 762 741
1351 534 567
1352 214 760 710
1353 91 510 438 672
1354 234 1 503 481
1355 89 239
1356 524 407
1357 322 746
1358 158 611 386
1359 292 88 223 580
1360 371 153
1361 630 554
1362 670 348
1363 678 155
1364 174 170
1365 501 206
1366 555 470
1367 571 346
1368 623 342
1369 39 95
1370 511 487 130
1371 591 422 345 717 310 730 656 415 62 78 515 255
1372 146 469 154 669 754 312 330 455 615 132 498 266 276 279 582 81 39 268 625 43 1 732 377 436 90
1373 691 205
1374 252 440
1375 369 332
1376 687 275
1377 366 302
1378 716 194
1379 767 746
1380 429 218
1381 250 488
1382 82 631 563
1383 559 154 625 335 330 218 43 60 132 498 90 165 81 483 118 120 268 455 36 641 375 377
1384 760 214 139
1385 550 491
1386 760 214 284
1387 196 658
1388 151 735
1389 735 679
1390 649 213
1391 735 425
1392 245 636
1393 550 6
1394 175 735
1395 158 672
1396 296 391
1397 632 709 283 190 58
1398 266 361
1399 550 257
1400 62 212 255
1401 632 720 113 85
1402 598 732
1403 472 223
1404 642 445
1405 46 611
1406 271 162
1407 459 453
1408 77 155 738 498
1409 674 709
1410 2 694 396 377
1411 541 653
1412 289 278
1413 270 307
1414 25 202 59 679 716 759 556 149 537 83 683
1415 389 194
1416 631 453 142 563
1417 442 395
1418 649 593
1419 252 561 383
1420 459 423
1421 564 668
1422 587 238
1423 601 301 715 1 61 352 236 481 682
1424 314 299
1425 280 615
1426 122 45
1427 670 652
1428 223 119
1429 649 148
1430 691 226 56 42 152 220
1431 323 145
1432 120 434
1433 590 36
1434 559 223
1435 558 408
1436 723 514
1437 670 546
1438 243 523
1439 200 186 697 763 389 56 173 500
1440 423 556 166
1441 152 549 56 127 42 53 314 651 526 186 84 342 6 251 70
1442 584 265
1443 490 192
1444 415 71
1445 54 445
1446 383 476
1447 130 249
1448 25 748 199 718 705 301 715 228 742 589 657 541 168 352 646 371 601 236 502 328
1449 429 217
1450 630 459
1451 417 481
1452 145 66
1453 610 101
1454 442 563
1455 560 94
1456 162 135
1457 138 689
1458 88 292 653 580
1459 42 625
1460 573 735
1461 391 490
1462 82 440
1463 609 385
1464 197 361
1465 510 438 85
1466 652 461
1467 303 213
1468 687 736
1469 119 400
1470 739 623
1471 27 384
1472 687 746
1473 555 103
1474 95 332
1475 454 550
1476 573 400
1477 733 691
1478 133 82
1479 709 764
1480 675 558
1481 295 116
1482 645 291
1483 208 202
1484 263 532 16 421 196 418 424 361
1485 451 251
1486 281 276
1487 280 707
1488 213 148
1489 403 85
1490 648 58
1491 396 361
1492 664 508
1493 355 175
1494 760 391 214
1495 745 651
1496 205 333
1497 366 21
1498 270 490
1499 445 660
1500 623 101
1501 638 623
1502 761 134
1503 636 219
1504 320 298
1505 543 598 628 565
1506 517 229
1507 485 453
1508 82 645
1509 440 477
1510 461 462
1511 555 521
1512 763 446
1513 746 126
1514 559 626
1515 657 431
1516 122 735
1517 486 243
1518 762 105
1519 209 646
1520 366 330
1521 760 137 214
1522 296 322 634
1523 716 613
1524 278 234
1525 278 136
1526 618 330
1527 226 689
1528 281 694
1529 669 170
1530 364 291
1531 487 197
1532 278 91
1533 630 695
1534 295 152 127
1535 166 737 615
1536 627 709
1537 664 160
1538 158 660
1539 524 442
1540 423 210
1541 180 101
1542 82 312 266
1543 308 125
1544 578 67
1545 453 735 325
1546 560 550
1547 227 384
1548 638 675
1549 487 379
1550 631 200 578 697 183 31 127 671 192 726 640 57 70 495 251 223 257 338
1551 158 385
1552 205 5
1553 27 600
1554 88 664 580
1555 473 14
1556 289 64
1557 494 656 310
1558 379 352
1559 458 93
1560 656 750 310
1561 638 672
1562 491 446
1563 33 510
1564 630 543
1565 524 330 377
1566 253 2 396 694
1567 278 170
1568 144 321 142 484 190
1569 440 293
1570 252 253
1571 300 587
1572 585 435
1573 404 59 157 705 328 589 715 149
1574 308 632
1575 189 167 97
1576 649 355
1577 102 552
1578 247 596
1579 657 663
1580 180 521
1581 341 243
1582 730 309
1583 101 45
1584 529 126
1585 296 735
1586 355 351 185 28 690
1587 216 239 439 294 52 29 143 307
1588 126 277
1589 199 679 718 748 301 715 646 700 168 228 601 236 25 38 404 352 705 371 8 502 682
1590 88 530 239 307
1591 417 45
1592 619 448
1593 607 735
1594 524 223
1595 90 89
1596 475 361
1597 746 255
1598 420 148
1599 381 701
1600 122 516
1601 253 522
1602 402 387
1603 679 277
1604 119 514
1605 678 205
1606 130 484
1607 146 198 602 571 330 120 132 5 72 90 738 478 96 483 118 154
1608 450 727
1609 229 149
1610 2 396 694
1611 146 315
1612 226 609
1613 39 559 154 669 330 276 279 82 582 377
1614 653 552
1615 768 265
1616 76 223
1617 45 432
1618 591 307
1619 151 210
1620 689 361
1621 416 750
1622 145 589
1623 769 606
1624 577 538
1625 567 516
1626 245 312 266
1627 82 664
1628 152 596
1629 729 78
1630 554 21
1631 656 310 558
1632 371 241 589
1633 591 319 592 210 195 557 714 768 78 270 62 63 717 278 103 167 86 255 115 730 515 415 620 434 422 425
1634 657 391
1635 458 636
1636 280 2 694
1637 388 355 110 427
1638 630 664
1639 686 243
1640 569 715
1641 657 27
1642 586 158
1643 342 232
1644 416 3
1645 453 538
1646 167 286
1647 420 578
1648 495 563 454 257
1649 587 202
1650 672 516
1651 623 373 116
1652 445 552
1653 591 415 62 730 554 557 78 255
1654 252 384
1655 257 444
1656 667 78
1657 301 298
1658 653 66 277
1659 347 624
1660 623 155 626 16 562 196 77 261 532 544 339 188 424 85
1661 196 589
1662 144 688
1663 308 208
1664 511 375 678 487
1665 239 636
1666 709 444
1667 494 278
1668 27 179
1669 422 502
1670 311 469 43 625
1671 606 330
1672 590 440
1673 259 298 462
1674 529 625
1675 27 700
1676 278 479 243
1677 752 563 343
1678 10 529
1679 166 755
1680 656 310 689
1681 365 161
1682 638 438
1683 632 196
1684 175 342
1685 604 389
1686 614 444
1687 391 461
1688 454 626
1689 252 596
1690 27 361
1691 591 178
1692 730 449
1693 656 664 310
1694 611 386 660
1695 512 148
1696 177 51
1697 21 265
1698 378 153 142
1699 598 675 543
1700 222 625
1701 750 432
1702 477 34
1703 216 590 196 757 626 719 465 562 677 191 765 380 381 260 390 65 263 307 230 294 424 393 244 530 514 16 722 532 544 400 49 188 418 419 287 239
1704 630 422
1705 638 392
1706 373 141
1707 600 286
1708 265 444
1709 622 132
1710 690 339 548 85
1711 642 410
1712 278 521
1713 695 530
1714 39 369
1715 607 295
1716 656 604 310
1717 473 534
1718 45 223
1719 89 395
1720 216 291
1721 691 361
1722 2 689 396 694
1723 630 538
1724 465 590 459
1725 481 445
1726 761 660
1727 519 152 116
1728 590 355 626 188 514
1729 133 446
1730 587 735
1731 709 376
1732 366 295
1733 494 465 512 719
1734 168 228 64 646 502
1735 429 632 113
1736 378 321 304 298
1737 494 604
1738 473 764
1739 213 112
1740 494 253
1741 27 187
1742 296 646
1743 619 291
1744 266 614
1745 694 431
1746 667 494
1747 459 141
1748 45 503
1749 322 226 634
1750 767 489
1751 117 709
1752 544 265
1753 296 148
1754 396 48 58
1755 442 609
1756 698 131 48 368
1757 366 202
1758 570 376
1759 534 696
1760 101 142
1761 1 176 503
1762 591 620 210 345 557 291 730 255 415 62 242 422 515 78
1763 161 58
1764 560 764
1765 130 735
1766 188 152 626 514
1767 348 171
1768 592 210 71
1769 670 400
1770 281 656 310
1771 27 588
1772 678 304
1773 152 446
1774 26 335 330 171
1775 269 148
1776 175 664
1777 733 377
1778 154 492
1779 494 364
1780 692 240
1781 691 162
1782 656 448 310
1783 578 688
1784 453 6
1785 706 454
1786 197 746
1787 470 124
1788 657 481
1789 628 635
1790 136 395
1791 252 432
1792 451 134
1793 252 2 396 694
1794 638 560
1795 605 145 142 58 624 453 304 190 315 378 654 321 720 113 325 484 659
1796 595 767
1797 323 364
1798 769 582 154 625 455 330 60 132 498 276 90 279 81 249 481 120 39 669 483 1 5 477 436 375 503 377
1799 55 217
1800 180 384
1801 27 243
1802 687 482
1803 546 488
1804 473 377 90
1805 45 689
1806 455 333
1807 534 767
1808 591 313 358 78
1809 90 652 377
1810 312 226
1811 101 284
1812 308 489
1813 473 709
1814 252 174
1815 750 615
1816 657 125
1817 208 400
1818 187 113
1819 278 716
1820 667 302
1821 289 249
1822 69 305
1823 733 295
1824 251 53 694
1825 707 595
1826 429 151
1827 521 105
1828 664 636
1829 367 176
1830 205 532 16 421 562 418 424
1831 615 400
1832 25 610
1833 519 312 732 469
1834 554 636
1835 709 529
1836 523 325
1837 302 637
1838 630 364
1839 234 389
1840 649 567
1841 2 396 596
1842 568 32 346
1843 152 179
1844 355 660
1845 205 701
1846 717 229
1847 716 129
1848 197 205
1849 524 447
1850 432 522
1851 342 290
1852 555 365
1853 667 231
1854 436 1 101 498
1855 453 27
1856 365 205
1857 642 660
1858 370 401
1859 224 170
1860 654 248
1861 312 105
1862 591 270 592 210 195 664 515 78 255
1863 735 509
1864 593 660
1865 383 145
1866 691 155
1867 598 767 543
1868 241 635
1869 420 249 114
1870 250 448
1871 384 95
1872 130 202
1873 145 248
1874 429 366
1875 420 79
1876 174 396
1877 384 85
1878 554 432
1879 603 445
1880 240 625
1881 654 576 659
1882 760 609 214
1883 392 617
1884 668 105
1885 621 155
1886 308 687
1887 665 385
1888 10 44
1889 420 588
1890 273 481
1891 209 339
1892 82 135
1893 638 607
1894 640 758
1895 251 636
1896 609 223
1897 249 709
1898 180 550
1899 489 361
1900 420 27 114
1901 606 218
1902 82 442
1903 560 245
1904 101 767
1905 60 55
1906 152 315
1907 421 166
1908 631 152 697 183 200 671 463 640 526 756 127 278 495 549 257 338
1909 364 130
1910 308 767
1911 355 316
1912 295 265
1913 421 188 697
1914 644 400
1915 445 52
1916 373 755
1917 454 314
1918 664 516
1919 614 286
1920 82 323
1921 577 395
1922 86 319 167 267
1923 4 445
1924 762 296
1925 696 709
1926 473 265
1927 716 619
1928 637 369
1929 385 493
1930 447 79
1931 417 446
1932 534 223
1933 465 654 659
1934 497 219
1935 759 27
1936 33 665
1937 442 706
1938 80 440
1939 429 567
1940 535 196
1941 642 626
1942 226 438
1943 681 447
1944 619 476
1945 64 482
1946 605 632 113 48 158 333 519 654 116 720 368 420 373 484
1947 555 564 293
1948 60 49
1949 630 295
1950 12 754 36 702 330 132 498 499 165 90
1951 55 467
1952 47 570 142 484
1953 415 299 210 78
1954 631 563 628 565
1955 742 155
1956 588 736
1957 626 148
1958 323 709
1959 223 767
1960 365 303
1961 630 561 383 707
1962 253 114
1963 592 694
1964 563 489 463
1965 395 265
1966 283 514
1967 621 481
1968 570 293
1969 151 672
1970 766 275 29 239
1971 146 198 511 738 305
1972 77 242
1973 302 160
1974 344 255
1975 735 95
1976 355 377
1977 355 596
1978 214 689
1979 26 71
1980 337 400
1981 717 342
1982 90 330 377 141
1983 197 678
1984 251 141
1985 511 487 742 375
1986 451 600 290
1987 571 355 477
1988 495 676
1989 534 148
1990 175 468
1991 598 391 543
1992 458 572 397
1993 525 71
1994 435 650
1995 560 725
1996 487 41
1997 278 93
1998 212 672
1999 630 631 578 563 257
2000 77 139
2001 762 151
2002 279 678
2003 442 522
2004 697 342
2005 473 170
2006 120 498 644 81 36 96
2007 151 605 632 453 142 624 570 617 333 190 114 131 116 315 113 486 484 283 138 497 58 519 378 654 321 728 368 325 420 373 105 517 659
2008 570 576
2009 378 321 142 197 570 190 484 659
2010 677 433 765
2011 33 265
2012 657 139
2013 389 286
2014 214 709
2015 587 543
2016 494 750
2017 355 546
2018 577 359
2019 570 642 321
2020 733 355
2021 367 724 65
2022 652 298
2023 441 715 547
2024 396 21
2025 308 197
2026 749 626
2027 432 626
2028 473 609
2029 64 424
2030 543 205 598
2031 534 447
2032 415 62 755 730 78 255
2033 674 446
2034 508 651
2035 389 355
2036 151 392
2037 520 490
2038 538 291
2039 644 298
2040 555 433
2041 448 645
2042 371 745
2043 266 161
2044 638 550
2045 649 618
2046 619 695
2047 278 64
2048 572 114
2049 534 480
2050 415 265 78
2051 392 339
2052 684 90
2053 634 767
2054 284 400
2055 591 716 730 415
2056 524 250
2057 644 190
2058 95 431
2059 370 743
2060 694 342
2061 523 332
2062 506 450 44
2063 367 733
2064 631 200 152 338 156 443 763 563 671 463 574 133 651 64 70 495 127 251 257 84 314 691 697 183 31 56 42 53 640 526 186 334 549 500
2065 336 735
2066 390 651
2067 653 126
2068 124 522
2069 407 711 376
2070 689 170
2071 166 709
2072 667 313
2073 560 650
2074 555 60
2075 336 255
2076 391 144
2077 607 64
2078 555 389
2079 508 538
2080 119 516
2081 119 349
2082 650 538
2083 252 445
2084 406 457 194
2085 623 82
2086 376 224 232 615
2087 670 447
2088 208 265
2089 322 621
2090 689 213
2091 93 445
2092 82 14
2093 643 615
2094 620 514
2095 296 508
2096 252 698
2097 152 575
2098 450 506 44 664
2099 323 432
2100 216 82
2101 308 322 634
2102 234 301 199
2103 93 260
2104 670 609
2105 158 721
2106 570 577 359
2107 130 444
2108 315 552
2109 448 695
2110 415 78 730 516 255
2111 487 485
2112 758 516
2113 420 213
2114 691 223
2115 202 477
2116 664 746
2117 152 443 42 53 574 133 735 251 539 220
2118 54 584
2119 454 433
2120 56 213 220
2121 175 746
2122 687 251
2123 278 473
2124 132 90 252 279 455 377
2125 631 152 756 156 443 563 463 314 691 70 574 495 127 615 173 257 251 57 56 42 726 183 526 539 549 285 31 500
2126 492 162
2127 407 232 224 79
2128 687 145
2129 278 750
2130 146 198 375 576 120 436 498 477 413 685 738 5 483 96
2131 558 222
2132 584 658
2133 257 178
2134 348 14
2135 151 249
2136 367 592
2137 174 333
2138 466 709
2139 555 336
2140 278 52
2141 146 301 199 5
2142 587 152
2143 442 85
2144 554 488
2145 524 276
2146 257 636
2147 638 441
2148 753 117
2149 151 280
2150 649 669
2151 392 142 624 663
2152 51 679
2153 590 492
2154 631 152 156 334 563 463 574 250 251 257 84 528 56 314 726 526 647 651 549 285 539
2155 653 330
2156 323 664
2157 664 275
2158 54 609
2159 730 250 62 255
2160 30 460 170
2161 657 418
2162 750 152
2163 208 171
2164 26 56
2165 323 85
2166 732 243 479
2167 59 340 718
2168 368 185
2169 173 492
2170 217 687
2171 496 275
2172 391 659
2173 90 377 596
2174 224 174
2175 592 210 195 415 477 242 436 483 255
2176 95 521
2177 356 162
2178 550 614
2179 195 534
2180 735 588
2181 246 363
2182 357 620
2183 622 119
2184 709 644
2185 91 510 438 538
2186 313 709
2187 158 275
2188 631 578 338 200 443 334 563 192 671 463 574 241 69 251 173 257 756 726 697 56 57 211 379 183 186 647 285 31 500
2189 381 516
2190 656 355
2191 252 420 114
2192 278 381 155
2193 270 279
2194 518 355
2195 18 116
2196 278 284
2197 649 458
2198 25 199 679 603 718 748 705 589 537 61 520 352 301 371 601 236 502 682
2199 355 283
2200 709 721
2201 217 276
2202 554 538
2203 421 158
2204 355 432
2205 12 229
2206 39 276 522
2207 302 695
2208 612 400
2209 82 445
2210 294 747 757 307
2211 151 699
2212 624 605 654 484 142 325 69 453 659
2213 590 253
2214 552 242
2215 631 654 31 563 257 659
2216 292 746
2217 81 645
2218 626 719 252 188 512
2219 103 101
2220 155 767
2221 365 361
2222 389 109
2223 470 355
2224 2 626 694 396
2225 687 660
2226 344 162
2227 263 543 598
2228 281 201
2229 339 16 666 562 261 77 381 180 532 421 418 424 85
2230 649 12
2231 520 85
2232 364 202
2233 151 33
2234 704 90
2235 215 27
2236 767 552
2237 308 90 330 377
2238 1 39
2239 151 516
2240 253 39
2241 200 631 152 756 156 443 763 6 563 671 463 574 651 70 127 251 257 84 691 697 528 31 56 42 726 526 647 334 549 285 539 516
2242 396 71
2243 677 567
2244 107 661
2245 543 678 598
2246 591 415 88
2247 12 52
2248 473 618
2249 716 406
2250 691 52
2251 296 151
2252 669 162
2253 643 732
2254 82 202
2255 433 79
2256 213 596
2257 180 205
2258 9 468
2259 563 650
2260 385 85
2261 733 332
2262 631 199 8 257 463
2263 160 265
2264 687 180
2265 675 90
2266 667 82
2267 687 136
2268 511 738 746
2269 560 309
2270 524 355
2271 630 582
2272 257 41
2273 263 767
2274 278 706
2275 453 325 431
2276 447 446
2277 21 445
2278 715 653
2279 675 454
2280 675 367
2281 64 141
2282 459 653
2283 44 466
2284 355 291
2285 278 364
2286 466 482
2287 64 170
2288 250 36
2289 39 672
2290 26 171 668
2291 520 462
2292 555 22
2293 672 538
2294 709 291
2295 605 632 570 142 720 638 453 304 617 315 190 131 116 333 113 486 138 484 105 497 58 519 378 654 321 517 368 325 420 728 659
2296 153 325
2297 62 719
2298 727 27
2299 28 709
2300 522 332
2301 534 746
2302 554 584
2303 656 348
2304 750 664
2305 638 85
2306 249 162
2307 245 486
2308 557 135
2309 296 223
2310 630 687
2311 214 767
2312 295 694
2313 609 538
2314 145 85
2315 373 202 116
2316 630 249
2317 631 479 353 243
2318 355 681
2319 750 276
2320 429 296
2321 281 309
2322 303 689
2323 550 342
2324 670 148
2325 18 411
2326 223 275
2327 205 293
2328 605 58 283 484 660
2329 27 64
2330 356 218
2331 447 709
2332 555 295
2333 762 122
2334 27 493
2335 33 385
2336 309 745
2337 632 283 377
2338 654 321 205 570 659
2339 507 161
2340 174 435
2341 554 257
2342 632 2 694 283
2343 202 476
2344 2 45 694
2345 519 395
2346 133 167
2347 524 720
2348 132 447 377 90
2349 648 550
2350 494 672
2351 296 442
2352 202 552
2353 280 265
2354 630 511
2355 590 191 275 514
2356 166 336 759 737
2357 605 113 699 190 519 654 116 368 373 484 517
2358 89 653
2359 657 89
2360 442 689
2361 420 373 116 219
2362 164 174 585
2363 435 625
2364 202 625
2365 308 46
2366 479 353 243 361
2367 407 222
2368 90 644
2369 265 219
2370 133 183 563 341 647 578 31 574 338
2371 485 236
2372 494 280
2373 689 210
2374 280 670
2375 82 656 310
2376 706 417
2377 487 287 49
2378 494 249
2379 352 650
2380 326 284
2381 145 418
2382 715 489
2383 45 670
2384 216 484
2385 294 81 72 307
2386 443 445
2387 707 476
2388 687 171
2389 245 275
2390 420 382 116
2391 234 257
2392 689 596
2393 278 609
2394 373 446
2395 281 223
2396 451 373 290
2397 519 596
2398 322 116 634 373
2399 46 538
2400 64 179
2401 667 689
2402 442 567
2403 265 493
2404 357 769 154 354
2405 208 440
2406 494 161
2407 195 101 592
2408 40 332
2409 224 79 335 43 330 36 132 232 268 377 376
2410 687 610
2411 267 588
2412 649 275
2413 495 57 275 257
2414 720 113 721
2415 335 330 245 498 477 276 279 436 90 268
2416 568 176
2417 618 672
2418 592 353 243
2419 601 688
2420 445 703
2421 525 141
2422 623 309
2423 25 361
2424 176 654
2425 79 567
2426 454 161
2427 176 157
2428 303 4
2429 623 197
2430 26 672
2431 344 218
2432 301 384 589
2433 525 277
2434 253 670
2435 309 552
2436 737 716 83 166 556 291
2437 103 689
2438 364 266
2439 101 489
2440 621 563 31
2441 26 746
2442 484 383
2443 689 21
2444 252 172
2445 114 116 420 373 672
2446 18 355
2447 296 342
2448 730 62 210 637 255 515 415 78
2449 302 696
2450 445 170
2451 27 696
2452 446 179
2453 583 50
2454 572 654
2455 691 431
2456 494 664
2457 463 257 218
2458 609 516
2459 709 178
2460 630 448
2461 750 440
2462 760 286
2463 122 691
2464 278 95
2465 512 538
2466 270 25 601 679 715 236
2467 735 446
2468 302 7
2469 47 665
2470 308 296
2471 367 180
2472 271 433
2473 278 558
2474 383 709
2475 47 275
2476 440 538
2477 481 113
2478 709 728
2479 621 490
2480 25 742 679 705 301 715 228 589 180 541 352 646 371 236 328
2481 638 722
2482 423 275
2483 89 538
2484 247 709
2485 504 243
2486 45 205
2487 25 38 595 679 718 748 705 556 149 59 416 541 168 716 83 601 589 502
2488 251 275
2489 667 400
2490 605 195 20 210
2491 153 139
2492 666 490 305
2493 591 158 415
2494 64 286
2495 451 290 286
2496 621 95
2497 152 186 42 56 609
2498 619 502 679 718
2499 379 211
2500 278 304 624
2501 642 219
2502 459 383
2503 420 467
2504 630 101
2505 757 230
2506 561 707 89 383
2507 253 468
2508 623 592 210
2509 150 180
2510 494 293
2511 174 85
2512 686 255
2513 151 590 390
2514 570 681
2515 252 566
2516 180 383
2517 685 381 15
2518 550 134
2519 657 384
2520 39 469 745 625 335 312 571 43 330 455 60 132 276 279 154 90 377 170
2521 607 196
2522 534 764
2523 429 152
2524 707 735
2525 692 160
2526 197 298
2527 740 569 104 17
2528 164 585 432
2529 525 126
2530 642 265
2531 658 85
2532 30 454 460
2533 550 248
2534 39 341
2535 477 335 90 455 538
2536 460 522
2537 146 559 625 754 335 330 279 455 120 132 498 72 165 90 81 483 118 96 268 511 36 429 685 738 375 377
2538 518 396
2539 296 26 171
2540 328 476 715
2541 357 82
2542 367 658
2543 267 291
2544 478 709
2545 164 226
2546 591 620 415 555 557 730 255 345 62 242 422 78
2547 271 239
2548 427 342
2549 18 117
2550 373 491
2551 560 223
2552 590 339 626 244 465 666 263 77 261 390 421 155 188 295 514 85
2553 209 532 424
2554 440 609
2555 726 631 374 257
2556 344 563
2557 630 285 156
2558 158 618
2559 366 385
2560 649 519 116 420
2561 613 556
2562 423 223
2563 638 596
2564 593 735
2565 407 333 376
2566 278 179
2567 356 433
2568 609 395
2569 54 522
2570 57 631 144 691 338 443 31 563 42 463 314 726 183 526 578 192 495 251 257 539
2571 364 625
2572 420 534 116
2573 18 348
2574 247 383
2575 623 612
2576 554 2 396 694
2577 161 254
2578 289 197
2579 649 670
2580 532 424 305 16
2581 366 631
2582 524 137
2583 373 694
2584 739 126
2585 271 275
2586 461 532 16
2587 417 520
2588 10 512
2589 312 342
2590 297 129
2591 494 14
2592 699 101
2593 449 670
2594 421 466 532
2595 768 592 210 415 425 714 730 341 515 78
2596 164 585 361
2597 654 522
2598 280 224 232 376
2599 692 78
2600 494 650
2601 389 650
2602 26 634
2603 560 2 694
2604 767 508
2605 312 732 469 298
2606 257 736
2607 153 140 69 676 503
2608 214 532 760 424
2609 555 554
2610 613 18
2611 2 585 694 164 396
2612 108 275
2613 202 653
2614 45 746
2615 378 161
2616 77 502
2617 590 254
2618 295 670
2619 93 179
2620 82 258 231 23
2621 709 187
2622 494 440
2623 753 735
2624 511 243
2625 124 107
2626 486 404
2627 308 559
2628 252 162
2629 116 385
2630 414 255
2631 479 383
2632 133 315
2633 196 418 764 16
2634 656 245
2635 303 432
2636 165 93
2637 434 58
2638 734 709
2639 278 538
2640 476 265
2641 373 746
2642 495 249 257
2643 278 676 153
2644 25 538
2645 442 361
2646 280 114
2647 604 160
2648 259 5
2649 494 275
2650 116 426
2651 325 639 367 453
2652 296 389
2653 188 213 626
2654 288 365
2655 587 767
2656 174 30
2657 235 584 267
2658 458 464
2659 511 639
2660 600 538
2661 355 224 232
2662 524 467
2663 525 529
2664 525 508
2665 54 650
2666 429 101
2667 685 31
2668 440 546
2669 130 767
2670 42 136
2671 423 546
2672 108 67
2673 30 481
2674 33 158
2675 213 567
2676 687 21
2677 598 384 543
2678 367 399 110 764
2679 355 248
2680 485 383
2681 414 278
2682 627 626
2683 449 330
2684 587 417
2685 1 321 142 165 481 659
2686 20 679 242 103 434 589
2687 735 96
2688 2 396 332
2689 709 275
2690 630 534
2691 83 556 672
2692 687 710
2693 485 578
2694 486 275
2695 253 596
2696 685 232
2697 214 223
2698 687 14
2699 245 664
2700 762 45
2701 367 660
2702 2 694 512
2703 651 691 156 758 251 42 539
2704 226 222
2705 649 158
2706 54 93
2707 476 509
2708 309 423
2709 278 129
2710 302 257
2711 226 760 214
2712 121 80
2713 442 585
2714 592 445
2715 1 25 301 503 589
2716 47 16
2717 252 675
2718 355 254
2719 85 339 361
2720 526 251 672 156
2721 589 444
2722 458 374
2723 555 215
2724 667 39 276
2725 164 585 161
2726 357 354 160
2727 657 700
2728 215 446
2729 308 175
2730 373 3
2731 524 174
2732 312 435
2733 364 645
2734 758 477
2735 245 454
2736 524 226
2737 699 145
2738 161 625
2739 355 213
2740 560 554
2741 459 595
2742 226 283
2743 559 198 625 754 571 330 455 132 498 499 90 279 268 483 118 745 12 36 525 477 413 436 738 375 72
2744 238 266
2745 652 223
2746 614 333
2747 252 226
2748 252 689
2749 460 444
2750 365 735
2751 252 567
2752 405 59 679 638 502 149
2753 709 688
2754 580 126
2755 621 626
2756 252 85
2757 519 420 116 688
2758 90 64 330 36
2759 309 735
2760 670 274
2761 649 630
2762 543 171 598
2763 587 302
2764 726 631 101 257
2765 657 482
2766 2 694 265 396
2767 226 170
2768 749 709
2769 657 165
2770 308 543 598
2771 611 400
2772 248 232
2773 393 678 532 16 666 562 424
2774 760 384
2775 5 284 413
2776 392 144
2777 676 223 153
2778 656 310 223
2779 442 626
2780 429 344
2781 367 719
2782 383 276 90 279 330 36
2783 247 293
2784 310 432
2785 21 220
2786 93 637
2787 656 81
2788 197 732
2789 355 615
2790 742 384
2791 177 472 467 512
2792 164 538
2793 453 325 332
2794 82 735
2795 735 222
2796 308 148
2797 596 361
2798 670 567
2799 664 85
2800 161 509
2801 152 248
2802 252 45
2803 453 576
2804 241 305
2805 573 470
2806 524 476
2807 151 2 694
2808 524 247
2809 361 28 185
2810 504 652
2811 91 510 438
2812 366 113
2813 685 305
2814 278 288
2815 222 614
2816 727 383
2817 512 275
2818 283 691
2819 631 56 756 612 563 42 463 726 647 651 127 549 257 84
2820 344 229
2821 649 538
2822 577 709 359
2823 473 385
2824 707 489
2825 623 180
2826 550 41
2827 623 767
2828 226 435
2829 308 506 44 450
2830 758 522
2831 577 239
2832 576 341
2833 767 480
2834 664 224
2835 128 440
2836 128 411
2837 559 514
2838 724 659
2839 654 342 659
2840 623 591 320 270 242 63 434 256 768
2841 336 365
2842 311 30 460
2843 353 479 520 243
2844 494 122
2845 731 25 740 748 102 705 362 569
2846 485 261
2847 546 348
2848 90 665
2849 253 445
2850 217 664
2851 295 238
2852 752 306
2853 384 697
2854 93 691
2855 511 270
2856 534 64
2857 136 672
2858 630 18
2859 132 273 279 268 330
2860 435 432
2861 615 332
2862 395 673
2863 687 516
2864 664 248
2865 278 145
2866 93 650
2867 458 550
2868 436 619 498
2869 280 21
2870 197 101
2871 473 691 42
2872 494 609
2873 323 687
2874 252 361
2875 687 618
2876 443 361
2877 541 27
2878 742 678
2879 476 615
2880 656 615
2881 479 521 243
2882 365 680
2883 699 41
2884 275 299
2885 473 85
2886 313 265 358
2887 626 660
2888 730 145
2889 497 333 519 116 728 420 296 486 138 517
2890 158 687
2891 425 709
2892 1 224
2893 490 701
2894 555 735
2895 632 58 113 649 720 283
2896 152 431
2897 626 105
2898 610 746
2899 764 444
2900 278 12
2901 437 169
2902 479 243 192
2903 64 21
2904 116 705 715 373
2905 630 750
2906 208 90
2907 227 498
2908 246 493
2909 383 746
2910 592 210 443 334 452 563 62 528 651 103 285 78
2911 114 670 420
2912 435 735
2913 90 304
2914 670 431
2915 621 116 373
2916 467 95
2917 560 28
2918 14 255
2919 445 85
2920 578 202
2921 353 479 205 243
2922 473 355
2923 709 614
2924 424 532 480
2925 89 390 626 719 188
2926 561 383 707 653
2927 245 720
2928 623 232
2929 280 85
2930 429 97
2931 364 135
2932 587 406 457
2933 18 400
2934 423 440
2935 676 243
2936 308 646
2937 420 441 547
2938 543 664 598
2939 745 335 330 36 120 132 499 343 90 375 529 377
2940 153 475
2941 670 577 359
2942 150 89
2943 278 664
2944 494 442
2945 752 343 499 493
2946 529 481
2947 130 709
2948 249 567
2949 623 530
2950 733 325
2951 188 626 521
2952 554 355
2953 561 383 265
2954 666 202
2955 497 22
2956 158 636
2957 591 687
2958 252 473
2959 348 746
2960 560 36 477
2961 692 407 232 79 376
2962 479 353 243
2963 698 145
2964 378 522
2965 464 158
2966 82 433
2967 189 594 97
2968 64 709
2969 344 432
2970 175 615
2971 151 189 97
2972 334 116
2973 453 242
2974 511 308 375
2975 453 40
2976 381 745
2977 605 607 497 142 113 570 333 519 114 131 116 368 420 373 484 517
2978 377 53
2979 69 670
2980 555 408
2981 560 651
2982 57 520
2983 278 701
2984 670 637
2985 187 17 367 399 427 110
2986 471 746
2987 389 259 462
2988 524 503
2989 373 615
2990 768 701
2991 631 578 756 57 56 42 563 192 726 526 384 463 127 31 338
2992 458 280
2993 321 764
2994 179 431
2995 289 532 424
2996 567 112
2997 560 280
2998 717 709
2999 435 162
3000 366 346
3001 423 56
3002 151 557
3003 730 78 81 515 255
3004 47 709
3005 336 564
3006 151 309
3007 730 62 78 422 348 255
3008 26 152
3009 631 563 756 443 31 56 42 463 726 578 647 227 495 251 257 539
3010 335 679
3011 322 141
3012 442 108
3013 45 125
3014 612 664
3015 762 21
3016 433 694
3017 54 291
3018 224 332
3019 175 293
3020 515 720
3021 292 552
3022 657 710
3023 687 27
3024 630 82
3025 69 480
3026 90 625 445 455
3027 21 291
3028 570 461
3029 296 205
3030 578 635 647 156 285 756
3031 116 532
3032 643 229
3033 195 592 489
3034 638 133 220
3035 656 152 463 156 443 56 310 257 539
3036 280 687
3037 8 14
3038 125 78
3039 117 642 668
3040 609 97
3041 208 89
3042 675 626
3043 26 284
3044 265 67
3045 638 429
3046 164 567
3047 487 18 511
3048 446 747
3049 174 432
3050 180 767
3051 591 62 620 609 557 255 515 78
3052 537 249
3053 587 518
3054 303 162
3055 526 416
3056 245 495 57 257
3057 621 338
3058 251 438
3059 349 286
3060 715 660
3061 554 626
3062 638 715 328
3063 295 45
3064 591 20 730 452 415 62 63 275 242 434 422 256 78
3065 278 395
3066 709 567
3067 508 438
3068 145 341
3069 128 7
3070 373 767
3071 2 359
3072 554 64
3073 120 763 559
3074 687 342
3075 609 694
3076 93 440
3077 308 538
3078 322 534
3079 610 453
3080 481 736
3081 494 516
3082 345 358
3083 465 390 672
3084 229 488
3085 308 610
3086 202 529
3087 278 424
3088 768 592 20 210 345 195 425 714 62 270 730 255 242 434 78 515 538
3089 613 687
3090 636 516
3091 709 126
3092 204 16
3093 618 660
3094 575 444
3095 311 493
3096 130 516
3097 734 444
3098 191 260 89 765
3099 416 255
3100 638 342
3101 180 466
3102 561 664 707 383
3103 12 697
3104 296 767
3105 308 77 339
3106 665 636
3107 249 694
3108 45 332
3109 69 678
3110 473 93
3111 385 219
3112 657 42
3113 132 625 154 276 279 43 455 90 107
3114 89 746
3115 295 609
3116 478 326
3117 453 95
3118 18 291
3119 746 765
3120 590 339 626 465 666 446 263 724 421 188 490 514 85
3121 295 342
3122 252 60
3123 161 4
3124 1 223
3125 241 424 532
3126 762 590
3127 435 457
3128 750 672
3129 333 444
3130 484 384 190
3131 26 171 126
3132 638 9
3133 654 618
3134 654 610 659
3135 526 463 443 93 56 671 539
3136 355 670
3137 594 493
3138 280 700
3139 484 463
3140 145 172
3141 498 483 565 754
3142 69 223
3143 259 592 195 462
3144 742 168 290
3145 525 535 552
3146 484 672
3147 623 191
3148 250 400
3149 513 329 551 673
3150 93 697
3151 202 746
3152 459 538
3153 151 174
3154 90 145
3155 308 202
3156 709 446
3157 196 41
3158 145 745
3159 355 735
3160 280 253
3161 175 78
3162 245 251
3163 494 689
3164 442 107
3165 733 445
3166 460 85
3167 296 152
3168 420 433
3169 333 538
3170 88 552
3171 554 152
3172 71 589
3173 280 449
3174 406 457 361
3175 90 348
3176 281 440
3177 654 161
3178 421 309
3179 665 97
3180 487 444
3181 308 27
3182 145 644
3183 10 180
3184 278 663
3185 47 315
3186 665 416
3187 555 278
3188 267 709
3189 473 27
3190 526 84 70 127 56 42 539 500 729
3191 308 444
3192 494 687
3193 283 361
3194 302 477
3195 572 117
3196 687 636
3197 661 232
3198 371 3
3199 554 175
3200 167 305
3201 656 623 310
3202 716 275
3203 247 342
3204 623 759
3205 10 160
3206 226 522
3207 615 567
3208 607 339 85
3209 729 439 530
3210 745 571 413 330 120 132 499 165 279 81 118 481 96 692 36 1 477 343 511 738 375 72
3211 10 746
3212 252 309
3213 467 433
3214 253 369
3215 18 318
3216 709 658
3217 197 305
3218 128 691 42
3219 515 179 78
3220 649 385
3221 591 750 592 210 730 717 557 270 415 62 620 242 195 255 515 434 78
3222 701 532
3223 223 650
3224 448 275
3225 578 528 31 563 700 257
3226 638 313
3227 30 445
3228 767 503
3229 1 114 481 420
3230 638 376
3231 750 64
3232 757 530 18 191 307
3233 555 4
3234 140 79
3235 234 197
3236 346 265
3237 632 161
3238 675 484
3239 440 248
3240 330 12 455 198 335 559 413 499 36 43 132 498 477 343 280 483 738 90 154
3241 631 578 563 305 463 257
3242 295 446
3243 26 664 171
3244 27 95
3245 282 27
3246 164 585 431
3247 10 126
3248 521 187
3249 742 168 352 278 301 328 715 589
3250 116 552
3251 558 141
3252 587 557
3253 706 298
3254 60 217
3255 674 290
3256 95 64
3257 656 310 408
3258 209 654
3259 296 760 214
3260 176 433
3261 632 116 386 611
3262 553 668
3263 173 446
3264 389 223
3265 226 2 396 694
3266 473 114
3267 278 732
3268 114 420 112
3269 758 78
3270 68 389
3271 485 175
3272 558 711
3273 302 275
3274 130 291
3275 335 90 330 126
3276 313 302 358
3277 60 586 535 552
3278 476 695
3279 477 694
3280 456 332
3281 519 503
3282 554 302
3283 175 395
3284 667 645
3285 161 445
3286 587 516
3287 657 503
3288 400 178
3289 365 105
3290 216 590 339 143 188 191 491 390 239 294 85 514 307 626
3291 162 276 279 90 455 377 330
3292 283 224 232
3293 561 205
3294 610 197
3295 687 364
3296 296 446
3297 69 384
3298 82 689
3299 709 286
3300 144 384
3301 750 735
3302 630 348
3303 487 66
3304 373 27
3305 667 249
3306 373 257
3307 249 626
3308 649 642
3309 234 137
3310 151 12 499 745
3311 706 732
3312 451 229
3313 630 444
3314 18 687
3315 649 709
3316 730 768 592 242 195 434 78 515 361
3317 310 694
3318 420 21 114
3319 638 494
3320 656 342
3321 90 295 279
3322 592 205
3323 308 577 359
3324 407 218 79 232 376
3325 263 657 724 339 532 421 155 77 85
3326 746 218
3327 367 204
3328 355 179
3329 301 391
3330 658 243
3331 670 673
3332 561 694
3333 727 473
3334 687 440
3335 280 650
3336 560 373 116
3337 542 710
3338 763 491
3339 670 21
3340 209 223
3341 252 249
3342 560 220
3343 235 584 291
3344 654 484 293
3345 391 664
3346 715 668
3347 742 59 679 718 209 301 589 748 352 705 371 601 236 502
3348 348 444
3349 767 125
3350 197 170
3351 604 646
3352 44 89
3353 555 440
3354 687 223
3355 641 325
3356 590 390 719 465 687
3357 664 482
3358 226 468
3359 689 626
3360 631 691 756 443 31 563 42 463 314 289 526 578 127 251 528 257 539
3361 364 348
3362 8 373
3363 623 660
3364 151 636
3365 406 383 561 457
3366 144 476
3367 700 341
3368 414 759
3369 557 485
3370 208 355
3371 453 142 688 624 321 570 304 190
3372 647 66 277
3373 83 101
3374 709 125
3375 555 45
3376 472 190
3377 465 626 638 188 514
3378 270 93 320 242
3379 391 570
3380 176 441
3381 652 187
3382 514 737
3383 27 538
3384 746 277
3385 587 664
3386 443 90
3387 653 71
3388 518 361
3389 364 162
3390 716 535 552
3391 88 292 580
3392 687 101
3393 33 330
3394 636 444
3395 166 257
3396 664 534
3397 283 645
3398 201 468
3399 364 546
3400 322 634 609
3401 630 767
3402 114 45
3403 302 516
3404 269 411
3405 561 383 707 25
3406 453 445 325
3407 12 240
3408 472 27
3409 675 658
3410 39 265
3411 308 180
3412 716 440
3413 664 202
3414 443 411
3415 39 703
3416 280 267
3417 278 227
3418 535 160 552
3419 626 588
3420 451 670
3421 158 593
3422 550 431
3423 202 148
3424 355 732
3425 202 567
3426 205 475
3427 473 670
3428 226 286
3429 732 469 361
3430 305 293
3431 158 516
3432 280 218
3433 444 6
3434 473 611
3435 631 152 756 200 563 576 463 192 578 127 495 257 338 183 31 42 640 186 647 528 57
3436 525 26 171
3437 590 155 626 719 562 263 381 261 390 65 339 244 482 85 77 16 424 472 724 722 532 412 421 188 512 514
3438 443 746
3439 664 141
3440 21 400
3441 607 95
3442 442 21
3443 155 332
3444 30 433 460
3445 278 2 694
3446 623 621
3447 465 408
3448 400 52
3449 591 730 768 592 210 195 717 515 62 305 270 415 320 63 242 434 78 256 255
3450 432 509
3451 730 620 210 345 515 557 62 255 415 355 422 425 78
3452 12 670
3453 166 689
3454 379 375 498
3455 630 5
3456 618 116
3457 325 304 624
3458 201 223
3459 323 431
3460 666 153
3461 534 170
3462 144 305
3463 628 241
3464 151 442
3465 664 755
3466 302 249
3467 524 395
3468 664 577 359
3469 72 729
3470 280 257
3471 623 604
3472 641 64
3473 560 648
3474 502 476
3475 308 158
3476 435 365
3477 735 564 293
3478 709 550
3479 555 658
3480 592 210 425 557 415 620 93 422 515 78
3481 526 232
3482 319 448 167
3483 537 670
3484 490 445
3485 18 735
3486 139 532 424
3487 113 444
3488 644 658
3489 618 265
3490 685 384
3491 591 415 302 422 425 557 78
3492 146 273 5 685 375 96
3493 280 609
3494 166 737 759 430
3495 127 251 152 444
3496 263 234
3497 480 85
3498 278 735
3499 560 664
3500 62 695 422 255
3501 584 609
3502 308 431
3503 572 593 397
3504 494 366
3505 54 355
3506 730 768 434 69
3507 1 609
3508 31 463 361
3509 716 759 537 258 737 494 83 166 231 683
3510 446 161
3511 180 480
3512 45 460
3513 190 650
3514 3 223
3515 524 389
3516 598 197 543
3517 321 249
3518 278 453 325
3519 649 445
3520 1 365 481
3521 69 144
3522 278 194
3523 664 767
3524 122 21
3525 406 689 457
3526 296 12
3527 432 162
3528 205 155
3529 494 21
3530 223 64
3531 151 1 132 481 90 436 279 330 377
3532 715 423
3533 117 668 400
3534 82 224
3535 630 453
3536 664 702
3537 341 694
3538 215 670
3539 247 670
3540 476 162
3541 740 10 655 569 102 362 225 616 731
3542 205 105
3543 711 614
3544 750 709
3545 130 275
3546 555 689
3547 750 538
3548 630 516
3549 623 654 453 142 325 484 190 659
3550 458 91 510
3551 584 235 167 319
3552 432 672
3553 689 162
3554 515 78 425 16
3555 584 709
3556 612 265
3557 64 78
3558 176 404
3559 625 493
3560 389 22
3561 158 88
3562 520 305
3563 535 707 552
3564 18 93
3565 605 368 624 304 190 333 550 114 131 116 315 113 486 484 105 519 378 654 321 720 420 373 517 659
3566 428 400
3567 535 664 552
3568 344 342
3569 524 735
3570 709 107
3571 652 326
3572 175 136
3573 623 520
3574 687 709
3575 89 444
3576 618 593
3577 176 556
3578 630 46
3579 26 265
3580 657 90
3581 245 404
3582 442 389
3583 323 609
3584 554 283
3585 560 114
3586 606 4
3587 638 295
3588 733 145
3589 537 737 83 364 556 166 759
3590 477 291
3591 645 615
3592 252 62
3593 479 266
3594 83 502 679 653
3595 570 644
3596 90 377 493
3597 265 538
3598 30 596
3599 402 710
3600 130 386
3601 54 558
3602 133 754
3603 245 54
3604 670 213
3605 18 202
3606 383 481
3607 278 175
3608 308 459
3609 607 694
3610 448 476
3611 521 538
3612 199 679 718 748 301 228 589 541 352 69 371 8 236 646
3613 355 85
3614 93 223
3615 429 119
3616 521 325
3617 649 736
3618 213 161
3619 433 369
3620 213 21
3621 677 447 287 49
3622 322 634 482
3623 442 432
3624 18 249
3625 706 462
3626 1 503 305
3627 289 378 321 142
3628 432 712
3629 670 672
3630 692 429
3631 253 615
3632 420 400
3633 278 468
3634 218 162
3635 2 396 213
3636 590 626 674 188 514
3637 476 255
3638 750 460
3639 280 750
3640 576 544
3641 555 213
3642 543 202 598
3643 140 615
3644 355 268
3645 767 433
3646 730 723 717 434 86
3647 509 444
3648 167 299
3649 336 231
3650 407 670 79 376
3651 189 97
3652 534 721
3653 524 626 421 666 188 490
3654 146 559 745 638 571 330 1 377 279 436 165 481 90
3655 151 459
3656 420 658
3657 18 267
3658 611 386 265
3659 498 409
3660 389 755
3661 270 382
3662 355 750
3663 311 160
3664 375 162
3665 687 348
3666 271 314
3667 158 410
3668 638 642
3669 77 101
3670 367 155
3671 654 142 624 715 453 328 589
3672 226 745
3673 278 209
3674 365 626
3675 252 453
3676 593 265
3677 370 743 522
3678 497 517 672
3679 657 699
3680 638 145
3681 735 249
3682 1 373 116
3683 490 361
3684 656 336 310
3685 33 161
3686 666 203 8
3687 356 170
3688 587 373
3689 496 202
3690 248 746
3691 396 615
3692 451 614
3693 510 651
3694 720 395
3695 442 27
3696 275 736
3697 654 592 484 659
3698 373 342
3699 535 592 552
3700 260 257 463
3701 622 710
3702 278 327
3703 691 42 445
3704 638 2 396 694
3705 630 8
3706 665 467
3707 151 550
3708 735 558
3709 555 355
3710 762 406 457
3711 436 448
3712 139 453 142
3713 152 637
3714 694 333
3715 82 592
3716 755 291
3717 638 564 293
3718 355 286
3719 485 457
3720 473 220
3721 571 455 400
3722 54 202
3723 768 215
3724 524 479 243
3725 356 432
3726 179 286
3727 458 444
3728 709 248
3729 295 64
3730 689 255
3731 459 633
3732 440 476
3733 189 97 636
3734 322 634 64
3735 253 161
3736 197 284
3737 478 248
3738 590 390 719 465 191 588
3739 494 444
3740 649 484
3741 428 265
3742 588 400
3743 10 482
3744 535 26 171 552
3745 654 700
3746 684 174
3747 623 631 152 338 156 563 463 574 578 495 257 756 691 31 56 42 726 183 186 647 528 57
3748 323 291
3749 576 481
3750 687 735
3751 689 432
3752 223 408
3753 344 249
3754 406 457 596
3755 45 735
3756 638 520
3757 735 614
3758 252 275
3759 82 162
3760 752 12 559 499 343 158
3761 80 689
3762 631 563 257 448
3763 674 716
3764 526 448 84 156 651 539
3765 176 266
3766 77 611 339
3767 69 139
3768 357 354 615
3769 88 292 767 580
3770 630 672
3771 739 342
3772 223 157
3773 630 88 580
3774 33 632 113
3775 12 719
3776 126 400
3777 632 502
3778 2 396 694 170
3779 590 626 719 465 447 244 390 736 177 188 512
3780 628 576
3781 373 116 286
3782 533 550
3783 604 194
3784 611 95
3785 146 5 413 375 361
3786 376 79 170
3787 296 295
3788 260 482
3789 469 205
3790 253 213
3791 175 12
3792 26 580 292 88 171
3793 312 596
3794 64 521
3795 308 64
3796 252 295
3797 554 71
3798 750 45
3799 252 27
3800 161 67
3801 588 567
3802 554 433
3803 550 672
3804 584 514
3805 453 746
3806 691 686
3807 621 702
3808 555 252
3809 473 79
3810 552 516
3811 598 534 543
3812 638 305
3813 561 539
3814 768 565
3815 638 634
3816 379 241
3817 623 733
3818 690 351 185 675 548 28
3819 90 109
3820 226 615
3821 476 291
3822 459 368
3823 101 529
3824 522 369
3825 524 369
3826 447 567
3827 24 37 751 51
3828 498 490
3829 450 506 44 395
3830 62 299
3831 151 567
3832 214 453 142 760 570
3833 557 239
3834 638 229
3835 200 485 241
3836 384 353 243
3837 699 257
3838 263 666 261 576
3839 716 695
3840 407 735
3841 30 78
3842 229 615
3843 281 364
3844 280 552
3845 520 431
3846 638 219
3847 451 90
3848 435 124
3849 296 521
3850 762 215
3851 494 735
3852 630 665
3853 555 376
3854 735 427
3855 471 444
3856 715 418 328
3857 214 205
3858 166 152
3859 245 609
3860 254 567
3861 151 93
3862 113 720 553
3863 103 330
3864 132 508 335 90 330
3865 164 585 339 85
3866 85 339 332
3867 131 691
3868 489 171
3869 355 361
3870 216 30
3871 700 223
3872 383 626 421 561
3873 164 384
3874 598 276 543
3875 590 626 451 290
3876 604 730 717 86 415
3877 555 166
3878 164 735
3879 657 226
3880 645 400
3881 145 532 544 424
3882 64 445
3883 355 341
3884 638 716
3885 82 364
3886 218 233
3887 483 86
3888 151 196 418
3889 86 291
3890 216 364
3891 730 62 210 415 195 286 78 515 255
3892 365 689
3893 227 255
3894 226 284
3895 458 33
3896 406 457 85
3897 252 454
3898 631 619 56 31 563 42 463 574 152 647 495 549 257
3899 453 325 660
3900 657 223
3901 494 95
3902 654 101 659
3903 578 631 758 257
3904 270 650
3905 449 390
3906 120 132 240 90 330
3907 592 374
3908 110 599 367 225 223 50 409
3909 713 567
3910 605 397 720 113
3911 296 179
3912 46 433
3913 355 21
3914 703 538
3915 664 529
3916 21 615
3917 534 238
3918 367 257
3919 447 240
3920 158 670
3921 447 254
3922 620 737
3923 593 117
3924 175 223
3925 485 448
3926 529 350
3927 631 251 756 691 57 563 42 463 574 726 526 152 476 647 127 549 257
3928 442 468
3929 117 688 668
3930 355 116 373
3931 609 476
3932 147 35
3933 641 332
3934 38 601 679 141 748 301 149 537 416 541 168 228 502
3935 764 85
3936 555 670
3937 27 112
3938 174 213
3939 494 39
3940 209 373 116
3941 561 383 707 101
3942 631 563 520 574
3943 459 88 580
3944 278 207
3945 44 277
3946 459 385
3947 114 758
3948 364 336
3949 90 130
3950 677 228
3951 133 503
3952 554 525
3953 691 265
3954 130 78
3955 95 433
3956 555 281
3957 93 609
3958 744 411
3959 252 161
3960 114 116 709 420
3961 175 476
3962 30 21
3963 132 377 49 287
3964 579 761
3965 180 482
3966 623 709
3967 621 431
3968 554 516
3969 534 171
3970 302 246
3971 764 721
3972 26 651
3973 586 664
3974 255 170
3975 86 422 210 415 717 515 557 115 730 62 389 78 425 255
3976 209 69
3977 543 532 598 424
3978 485 368
3979 518 176
3980 691 152 756 156 443 763 563 70 671 631 314 133 578 463 127 574 334 257 220 251 31 56 42 726 323 526 647 6 549
3981 274 219
3982 767 695
3983 442 266
3984 689 330
3985 273 709
3986 685 139
3987 64 615
3988 226 710
3989 469 149
3990 301 338
3991 733 431
3992 197 767
3993 442 36 330
3994 308 534
3995 636 538
3996 573 124
3997 298 361
3998 223 600
3999 656 253
4000 652 361
4001 121 680
4002 406 45 457
4003 131 117 668
4004 95 179
4005 742 145 328 715 236 682
4006 249 445
4007 737 400
4008 630 130
4009 145 223
4010 716 604
4011 524 673
4012 718 502 589 695
4013 391 481
4014 117 735 668
4015 342 179
4016 187 361
4017 144 697
4018 240 481
4019 623 298
4020 197 85
4021 60 636
4022 151 328 715
4023 231 291
4024 564 521 293
4025 252 213
4026 534 558
4027 709 427
4028 158 170
4029 296 587
4030 406 353
4031 27 615
4032 356 30 460
4033 77 322 339 634
4034 243 170
4035 609 179
4036 716 584 235
4037 261 242
4038 352 705 371 90 502
4039 296 525
4040 339 672
4041 494 615
4042 448 516
4043 535 229
4044 177 449 512
4045 142 341 484 190 659
4046 630 174
4047 542 119
4048 346 39
4049 561 176
4050 604 645
4051 309 516
4052 313 246
4053 525 746
4054 278 632 113
4055 226 614
4056 524 69
4057 252 64
4058 213 361
4059 128 637
4060 367 399 110 113
4061 670 126
4062 47 265
4063 166 360
4064 175 45
4065 259 277
4066 459 395
4067 626 52
4068 76 467
4069 128 221
4070 197 144
4071 469 71
4072 724 223 65
4073 609 508
4074 252 155
4075 486 176
4076 99 585
4077 716 559
4078 93 750
4079 27 634
4080 489 71
4081 423 488
4082 90 467
4083 151 691
4084 381 479
4085 458 335 330
4086 216 239 530 665 307
4087 446 736
4088 694 71
4089 114 2 396 420
4090 448 136
4091 152 161
4092 355 446
4093 486 625
4094 762 249
4095 90 205
4096 652 15 381
4097 308 126
4098 270 434 700
4099 631 312
4100 164 585 626
4101 197 688
4102 429 266
4103 222 711
4104 561 383 45
4105 581 444
4106 487 498 511 375 516
4107 73 718 748 705 502
4108 650 695
4109 468 522
4110 516 493
4111 549 267
4112 619 709
4113 715 440
4114 468 332
4115 480 350
4116 209 485
4117 432 468
4118 414 310
4119 547 589
4120 81 7
4121 504 298
4122 415 369
4123 720 170
4124 679 430
4125 630 390
4126 295 95
4127 590 390 339 626 188 614 85
4128 685 353
4129 383 735
4130 312 691
4131 638 309
4132 664 736
4133 560 487
4134 658 170
4135 709 52
4136 573 522
4137 450 132 335
4138 300 761
4139 133 512 220
4140 355 131
4141 385 636
4142 667 23
4143 124 333
4144 257 49
4145 101 653
4146 525 707 383 561
4147 716 160 83
4148 252 687
4149 450 208 44
4150 606 552
4151 638 366
4152 308 653
4153 651 444
4154 114 161 420
4155 200 400 156 334 211 379 127 495 549 257
4156 389 361
4157 364 747
4158 281 689
4159 645 327
4160 600 550
4161 1 503 284
4162 524 151
4163 486 457 406
4164 568 32 346 769
4165 323 213
4166 417 679 83 748 716 502 589
4167 57 184
4168 590 390 696 626 719 244 465 188 512
4169 201 432
4170 234 139
4171 537 252
4172 259 101
4173 420 144
4174 669 135
4175 498 286
4176 217 64
4177 18 16
4178 216 752
4179 649 537 759
4180 131 709
4181 642 64
4182 253 27
4183 605 117 668 570
4184 497 632 368 570 190 333 114 131 116 113 486 484 373 105 138 58 48 519 654 321 735 728 720 420 283 517 659
4185 144 139
4186 366 567
4187 638 648
4188 322 89
4189 762 90
4190 161 85
4191 323 352
4192 352 6
4193 512 383
4194 496 255
4195 649 638
4196 138 377
4197 644 341
4198 590 488
4199 626 333
4200 226 224
4201 54 369
4202 373 567
4203 180 390
4204 275 148
4205 685 654 659
4206 692 265
4207 175 552
4208 176 664
4209 217 12 559 745 625 754 571 330 455 132 498 499 436 90 377
4210 390 126
4211 639 343
4212 114 444
4213 461 137
4214 628 173
4215 750 484
4216 443 145
4217 62 550
4218 255 78 210 400
4219 389 521
4220 234 361
4221 296 312 469
4222 558 85
4223 144 64
4224 263 5
4225 672 636
4226 133 706
4227 494 295
4228 278 398
4229 611 709 386
4230 609 170
4231 607 514
4232 234 298
4233 122 365
4234 687 484
4235 745 625 754 335 375 571 343 455 330 487 90 5 477 413 511 279 687 483 377 499
4236 595 275
4237 43 625 596
4238 631 669
4239 626 112
4240 735 219
4241 762 148
4242 664 650
4243 187 105
4244 625 695
4245 69 180
4246 730 22 255
4247 158 715
4248 494 336
4249 117 130
4250 47 444
4251 420 460 114
4252 298 16
4253 739 508
4254 226 79
4255 670 445
4256 164 585 468
4257 649 660
4258 678 341
4259 309 251
4260 534 2 694
4261 146 498 624
4262 148 444
4263 308 257
4264 621 595
4265 175 767
4266 732 266 312 251 314
4267 553 721
4268 472 453
4269 151 329
4270 605 241
4271 158 698
4272 716 521
4273 77 195 155 210
4274 421 698
4275 27 614
4276 159 535
4277 252 564 293
4278 636 395
4279 465 679 228
4280 753 113
4281 494 149
4282 570 626
4283 591 639
4284 226 432
4285 537 679 228 502 646 95
4286 534 709
4287 308 529
4288 760 259 462
4289 180 479 353 243
4290 365 615
4291 638 400
4292 406 469 43 457
4293 529 746
4294 420 373 116 223
4295 621 664
4296 679 482
4297 607 468
4298 323 253
4299 117 438
4300 732 628 565
4301 434 418
4302 623 332
4303 453 293
4304 323 69
4305 26 171 516
4306 649 112
4307 383 292
4308 732 238
4309 664 291
4310 675 444
4311 344 170
4312 295 596
4313 631 176
4314 198 602 279 641 436 477 276 413 278 90 483
4315 415 242 628 565
4316 392 145 663
4317 323 365
4318 423 348
4319 491 400
4320 524 433
4321 591 415 62 82 557 255
4322 251 95
4323 253 14
4324 176 445
4325 570 489
4326 621 445
4327 197 223
4328 667 366
4329 473 665
4330 537 659
4331 30 709
4332 518 626
4333 638 524
4334 606 625
4335 152 291
4336 593 444
4337 176 155
4338 299 291
4339 447 651
4340 151 95
4341 203 532 16 196 418 588
4342 760 214 192
4343 735 162
4344 355 686
4345 407 614
4346 423 767
4347 691 42 31 56 670 314 133 152 251 549 539 220
4348 113 720 538
4349 164 625
4350 670 582
4351 767 136
4352 670 444
4353 605 484 142 58 48 624 570 304 315 41 333 368 497 517 105
4354 214 361
4355 494 694
4356 174 447
4357 429 435
4358 385 265
4359 687 595
4360 578 155
4361 638 158
4362 323 2 694
4363 288 735
4364 745 444
4365 636 438
4366 760 466
4367 649 611 386
4368 223 433
4369 90 550
4370 496 310
4371 223 266
4372 687 665
4373 649 47
4374 323 567
4375 433 14
4376 638 383
4377 393 176
4378 487 529
4379 707 446
4380 630 496
4381 280 148
4382 664 179
4383 476 411
4384 407 554 224 232 376
4385 217 78
4386 746 444
4387 687 453
4388 511 480
4389 309 550
4390 473 615
4391 687 141
4392 255 730 619 78
4393 429 190
4394 391 298
4395 664 101
4396 752 745 625 335 43 571 455 330 499 265 343 477
4397 322 634 431
4398 535 552
4399 90 576
4400 687 116
4401 768 383
4402 39 582 154 669 279 377 330 276 567
4403 160 291
4404 560 453
4405 76 444
4406 511 259
4407 239 493
4408 585 107
4409 217 433
4410 370 54
4411 510 497
4412 278 614
4413 554 664
4414 12 552
4415 308 561 383 707
4416 383 482
4417 429 158
4418 587 707 383 561
4419 591 62 280 557 422
4420 337 609
4421 197 652
4422 677 65
4423 605 378 321 570 304 190 361
4424 479 145
4425 227 192
4426 518 440
4427 385 438
4428 259 223 462
4429 464 219
4430 208 277
4431 630 296
4432 460 430
4433 28 468 185
4434 356 226
4435 395 343
4436 71 516
4437 453 672
4438 421 666 56
4439 114 174
4440 609 745
4441 425 85
4442 631 31 298
4443 592 476
4444 226 229
4445 618 735
4446 709 135
4447 302 88
4448 197 400
4449 341 298
4450 166 212 759 737
4451 205 680
4452 494 526 549 156
4453 442 161
4454 525 534
4455 466 339
4456 587 653
4457 1 140 503 481 361
4458 208 214
4459 741 136
4460 323 174
4461 59 448 502
4462 253 170
4463 653 746
4464 252 468
4465 133 707 574
4466 389 658
4467 590 271
4468 197 444
4469 445 615
4470 458 227
4471 645 342
4472 117 668 41
4473 366 122
4474 79 49
4475 534 152
4476 355 431
4477 518 202
4478 176 119
4479 312 732 454 266
4480 345 589
4481 177 721
4482 735 265
4483 465 570
4484 265 660
4485 158 509
4486 561 707 125
4487 189 97 516
4488 151 18
4489 643 238
4490 215 532
4491 696 625
4492 561 534 383
4493 109 626
4494 25 58
4495 656 310 212
4496 353 284 243
4497 89 171
4498 252 1 503
4499 116 275
4500 621 131
4501 486 626
4502 406 365
4503 162 615
4504 152 647 687 257 463
4505 315 71
4506 25 38 601 718 748 301 228 149 705 168 646 371 236 502 431
4507 591 415 78 323
4508 355 126
4509 709 266
4510 631 756 183 563 767
4511 716 248
4512 484 625
4513 364 14
4514 429 373
4515 709 660
4516 454 229
4517 64 161
4518 171 66 277
4519 576 552
4520 649 82
4521 76 447
4522 82 161
4523 458 559
4524 592 241 210 195 20 256
4525 537 530 679 29
4526 429 745
4527 26 383 561 171
4528 187 85
4529 656 310 275
4530 289 144
4531 194 589
4532 465 76 390 244
4533 389 446
4534 623 490
4535 687 642
4536 296 626
4537 160 107
4538 82 518
4539 161 596
4540 691 224
4541 746 552
4542 534 265
4543 69 210
4544 762 638
4545 69 466
4546 625 342
4547 554 54
4548 252 112
4549 116 734
4550 525 687
4551 664 305
4552 638 286
4553 378 321 176
4554 443 593
4555 208 126
4556 55 765
4557 296 689
4558 638 534
4559 442 576
4560 593 567
4561 654 549
4562 429 262
4563 451 446
4564 709 21
4565 238 653
4566 689 161
4567 622 625
4568 1 309 503
4569 570 142 453 700
4570 525 767
4571 760 214 475
4572 506 44 767
4573 675 368
4574 312 626 266
4575 716 293
4576 342 596
4577 720 588
4578 735 64
4579 554 672
4580 33 590
4581 724 578
4582 164 310
4583 458 265
4584 275 567
4585 656 310 14
4586 487 654 659
4587 445 431
4588 767 636
4589 494 695
4590 253 354
4591 481 85
4592 400 286
4593 175 248
4594 570 137
4595 554 621
4596 245 423
4597 146 480
4598 278 604
4599 730 62 592 210 515 658 78
4600 538 286
4601 373 116 95
4602 349 161
4603 364 342
4604 741 70
4605 722 550
4606 114 122
4607 353 532 243 421
4608 631 248
4609 46 158
4610 141 339 85
4611 522 291
4612 356 224 232
4613 619 615
4614 252 741
4615 366 594
4616 459 373
4617 454 615
4618 82 130
4619 609 559
4620 709 468
4621 202 489
4622 415 246
4623 431 361
4624 537 2
4625 568 346 535 552
4626 202 101
4627 464 265
4628 512 249
4629 295 174
4630 642 523
4631 308 278
4632 27 446
4633 649 117 668
4634 503 314
4635 356 114
4636 11 342
4637 296 668
4638 151 445
4639 278 295
4640 652 532
4641 664 476
4642 739 506 44 450
4643 373 116 51
4644 473 141
4645 54 316
4646 554 695
4647 197 145
4648 534 174
4649 384 532 544 424
4650 234 205
4651 623 694
4652 750 395
4653 202 330
4654 223 248
4655 619 173
4656 454 85
4657 621 732 469
4658 554 280
4659 176 406 457
4660 252 152
4661 208 767
4662 389 179
4663 698 265
4664 137 298
4665 27 342
4666 223 387
4667 120 132 90 475 165 1 375 503 481
4668 695 509
4669 245 167
4670 46 33
4671 764 481
4672 464 550
4673 558 286
4674 420 220
4675 278 119
4676 484 305 659
4677 638 102
4678 709 596
4679 459 113
4680 189 745 97
4681 14 672
4682 458 699
4683 283 30
4684 482 552
4685 631 578 137 31 257 463
4686 664 538
4687 10 767
4688 60 550
4689 226 701
4690 453 2
4691 213 377
4692 203 644 16 562 418
4693 10 687
4694 532 441 424 547
4695 735 213
4696 266 669
4697 308 177 512
4698 229 218
4699 262 14
4700 494 176
4701 195 653
4702 278 286
4703 436 1 139 481
4704 450 355
4705 216 687 29 239
4706 672 444
4707 362 223
4708 167 608
4709 278 157
4710 709 430
4711 362 285 156
4712 739 208
4713 664 284
4714 259 310
4715 670 615
4716 720 567
4717 750 689
4718 30 224 460 232
4719 518 310
4720 519 373 251 116
4721 631 404 563 589
4722 95 141
4723 433 218
4724 687 448
4725 65 538
4726 709 161
4727 366 313
4728 687 423
4729 623 145
4730 706 293
4731 496 502
4732 152 266
4733 348 291
4734 465 82
4735 245 128
4736 330 711
4737 281 82
4738 216 90
4739 197 210
4740 739 57
4741 8 746
4742 355 650
4743 95 342
4744 280 653
4745 117 578 338
4746 302 167
4747 62 136 255
4748 355 30
4749 280 383
4750 555 205
4751 213 314
4752 473 538
4753 158 746
4754 470 670
4755 652 490
4756 543 214 598 760
4757 223 662
4758 197 489
4759 524 107
4760 82 348
4761 671 229
4762 487 709
4763 632 64
4764 598 62
4765 373 116 179
4766 308 750
4767 678 520
4768 155 377
4769 420 343
4770 205 396
4771 252 554
4772 391 361
4773 524 625
4774 177 174 512
4775 518 689
4776 278 259 462
4777 625 52
4778 420 130
4779 18 516
4780 753 158
4781 252 145
4782 249 361
4783 58 538
4784 117 624
4785 762 135
4786 82 561
4787 692 525
4788 660 400
4789 664 672
4790 47 589
4791 216 590 203 196 626 465 666 677 191 765 393 381 261 260 239 177 244 444 230 294 263 15 16 530 29 390 544 736 188 512 418 514 307
4792 508 395
4793 473 672
4794 687 95
4795 657 698
4796 27 431
4797 341 361
4798 4 625
4799 487 223
4800 750 243 479
4801 458 459
4802 366 219
4803 470 735
4804 630 195
4805 227 697
4806 767 516
4807 656 122
4808 623 445
4809 623 383
4810 449 677
4811 484 142 321 570 701 659
4812 77 339 626 342 465 188 85
4813 398 223
4814 592 218
4815 516 361
4816 598 543 301
4817 481 343
4818 16 341 544 424
4819 82 460
4820 687 534
4821 10 416 59 679 718 748 228 502 646
4822 132 359
4823 717 283
4824 415 364 255
4825 537 293
4826 88 679 580 718 83 589 502 149
4827 33 593
4828 468 445
4829 591 592 717 223 452 270 195 320 63 256 242 434 86 255
4830 69 755
4831 570 27
4832 130 193
4833 391 85
4834 670 711
4835 642 709
4836 735 431
4837 492 567
4838 487 511 688
4839 252 323
4840 510 158
4841 389 188 626
4842 560 484
4843 90 430
4844 114 420 596
4845 696 567
4846 490 325
4847 433 52
4848 494 594
4849 164 253
4850 82 291
4851 158 117 668
4852 709 482
4853 578 130
4854 215 567
4855 158 41
4856 151 700
4857 223 723
4858 485 145
4859 302 578
4860 649 590
4861 18 609
4862 261 66 277
4863 633 385
4864 494 729
4865 442 64
4866 537 737 82 759 556 331 166
4867 638 521
4868 158 658
4869 381 203 532 544 16 101 261
4870 373 116 681
4871 473 467
4872 174 113
4873 524 570
4874 414 597 430
4875 137 424 532
4876 407 171
4877 636 228
4878 630 152
4879 560 508
4880 379 615
4881 160 709
4882 450 464
4883 735 626 339 188 514 85
4884 151 444
4885 534 277
4886 322 180 634
4887 377 85
4888 630 675
4889 595 580
4890 355 558
4891 253 107
4892 197 16 532 424
4893 691 756 763 56 42 671 640 355 152 285 220
4894 201 735
4895 524 79
4896 322 208
4897 604 336
4898 555 280
4899 634 95
4900 58 255
4901 690 532
4902 519 116 461 728
4903 2 670 396 694
4904 483 36 178
4905 146 144
4906 101 361
4907 513 390
4908 730 462
4909 265 695
4910 367 64
4911 295 558
4912 511 289
4913 494 152
4914 355 386
4915 395 126
4916 193 23
4917 278 745
4918 45 522
4919 620 723
4920 289 476
4921 592 576 210
4922 650 265
4923 208 395
4924 407 255
4925 665 660
4926 724 701
4927 742 516
4928 473 694
4929 308 590 390 465
4930 174 681
4931 632 549 763 283 56
4932 590 203 339 626 719 562 77 244 261 390 177 85 15 16 534 722 532 421 188 512 514
4933 469 249 312
4934 176 319
4935 630 508
4936 522 523
4937 758 202
4938 670 503
4939 691 142 325 453 484 659
4940 294 455 239
4941 140 602 197 1 685 413 436 165 503 481 96
4942 769 469 154 625 312 413 120 132 499 276 90 279 81 118 165 60 732 43 344 1 343 436 641 72
4943 699 210
4944 582 4 669
4945 249 275
4946 672 6
4947 645 709
4948 319 167 250
4949 144 755
4950 82 93
4951 377 148 330
4952 604 223
4953 675 355
4954 62 422 202
4955 82 342
4956 116 745
4957 249 615
4958 626 162
4959 519 454
4960 42 411
4961 395 538
4962 760 214
4963 82 122
4964 113 16
4965 249 23
4966 323 275
4967 518 45
4968 631 625
4969 117 161
4970 747 400
4971 657 214 760
4972 12 448
4973 132 174 377 279
4974 759 619
4975 205 767
4976 138 668
4977 696 447
4978 511 487 101 198
4979 30 229
4980 630 170
4981 142 314
4982 451 550 290
4983 481 265
4984 131 400
4985 649 725
4986 76 400
4987 679 668
4988 578 307
4989 90 577
4990 399 697
4991 369 291
4992 674 152
4993 767 141
4994 453 384
4995 389 93
4996 21 307
4997 494 291
4998 623 736
4999 42 710
5000 365 213
5001 630 587
5002 180 440
5003 528 31 418
5004 55 90
5005 323 161
5006 308 664
5007 526 152 186 395 56 42 220
5008 638 417
5009 576 66 277
5010 643 266
5011 494 136
5012 496 166
5013 378 321 142 187 570 453 304 190
5014 667 656 310
5015 223 376
5016 176 636
5017 670 107
5018 454 341
5019 223 141
5020 145 298
5021 2 484
5022 151 594
5023 27 155
5024 235 584 477
5025 690 697
5026 570 321 652 659
5027 469 312 735 266
5028 541 625
5029 115 129 717 730
5030 102 431
5031 97 545
5032 758 735
5033 252 733
5034 202 508
5035 214 480
5036 176 600
5037 1 479 353 243
5038 8 157
5039 333 567
5040 614 265
5041 367 251
5042 253 108
5043 308 268
5044 657 69
5045 103 243
5046 554 670
5047 1 735 481
5048 712 626
5049 392 117
5050 384 361
5051 101 330
5052 82 448
5053 90 750 330 377
5054 742 199 679 718 748 705 715 556 589 61 541 228 83 236 149 223 301 25 59 601 537 404 352 716 371 328 759 683 682
5055 632 113 720 283 672
5056 467 765
5057 631 187
5058 584 313 235 358
5059 492 445
5060 510 132
5061 128 274
5062 421 176
5063 8 576
5064 279 83
5065 595 653
5066 739 469
5067 275 636
5068 735 205
5069 691 12 152 42
5070 636 508
5071 309 256
5072 465 390 433
5073 51 468
5074 595 265
5075 440 275
5076 395 218
5077 94 636
5078 720 508
5079 619 275
5080 245 687
5081 623 225
5082 252 365
5083 706 538
5084 59 400
5085 117 386 668 611
5086 27 670
5087 480 277
5088 101 78
5089 77 727 339 85
5090 367 384
5091 1 481 431
5092 26 85
5093 508 228
5094 18 750
5095 303 124
5096 253 460
5097 656 645
5098 278 564 293
5099 151 431
5100 767 395
5101 280 516
5102 301 475
5103 696 670
5104 252 181
5105 223 284
5106 236 205
5107 301 466
5108 459 767
5109 223 617
5110 146 641 498 198 413 268 223
5111 9 625
5112 494 54
5113 587 101
5114 758 249
5115 468 431
5116 223 52
5117 90 161
5118 280 664
5119 420 446
5120 278 657
5121 308 101
5122 685 701
5123 365 348
5124 664 653
5125 385 48
5126 377 431
5127 238 314
5128 730 210 479 515 78
5129 524 361
5130 524 558
5131 136 695
5132 609 710
5133 82 567
5134 684 615
5135 293 187
5136 195 210 480
5137 696 265
5138 411 299
5139 612 211
5140 366 493
5141 64 342
5142 698 570
5143 623 69
5144 761 325
5145 471 767
5146 245 508
5147 746 489
5148 716 315
5149 678 353
5150 618 397
5151 432 408
5152 355 637
5153 203 155 16 393 381 261 532 412 282 223 424
5154 593 736
5155 572 397
5156 554 332
5157 150 14
5158 249 161
5159 27 658
5160 479 79
5161 295 709
5162 116 490
5163 631 205
5164 691 243
5165 194 645
5166 355 155
5167 768 481
5168 630 620
5169 357 445
5170 522 85
5171 122 369
5172 473 558
5173 122 332
5174 12 559 745 571 467 499
5175 449 396
5176 621 453 325
5177 453 265
5178 630 440
5179 621 660
5180 160 672
5181 296 395
5182 395 162
5183 505 735
5184 367 36
5185 226 148
5186 524 205
5187 651 285 136 156
5188 701 558
5189 146 752 769 559 709 669 335 571 455 271 72 276 279 154 582 81 586 377 165 96 39 745 36 1 5 481 343 90 499
5190 82 625
5191 570 678
5192 423 73
5193 366 265
5194 670 161
5195 278 22
5196 459 265
5197 609 720
5198 550 646
5199 733 174
5200 151 609
5201 611 735
5202 563 764
5203 746 400
5204 524 293
5205 158 81
5206 257 136
5207 591 210 730 452 245 415 62 63 434 78 515 255
5208 253 432
5209 622 27
5210 609 636
5211 518 585
5212 12 499 746
5213 418 767
5214 150 373
5215 524 632
5216 146 511 5 487 375 767
5217 600 446
5218 538 339 85
5219 638 265
5220 308 525
5221 90 299
5222 183 66 277
5223 599 639 50 332 316 110 367 409 87 427
5224 158 709
5225 322 10
5226 323 476
5227 11 664
5228 19 237
5229 45 213
5230 558 333
5231 39 21 276 279 330 377
5232 95 765
5233 183 229
5234 90 377 444
5235 158 39 276
5236 90 220
5237 226 45
5238 657 609
5239 429 478
5240 568 302
5241 525 292
5242 449 709
5243 234 341
5244 344 160
5245 60 309
5246 558 179
5247 433 720
5248 477 36 330 695
5249 420 373 145 116
5250 249 695
5251 202 14
5252 345 62 592 210 730 515 434 119 78
5253 278 383
5254 103 319 664
5255 690 351 185 548 28
5256 301 576 352
5257 623 494
5258 459 687
5259 706 210
5260 373 538
5261 158 734
5262 656 670
5263 245 669
5264 25 205
5265 155 446
5266 90 330 614
5267 524 609
5268 442 670
5269 664 79
5270 440 745
5271 54 274
5272 440 317
5273 738 520
5274 216 167
5275 621 355
5276 733 27
5277 630 518
5278 323 355
5279 465 278
5280 641 85
5281 155 669
5282 76 433
5283 327 474
5284 488 286
5285 223 14
5286 370 369
5287 573 252
5288 472 177 433
5289 123 625
5290 383 503
5291 587 579 761
5292 593 745
5293 387 264
5294 461 361
5295 342 530
5296 420 116 558
5297 478 700
5298 176 223
5299 383 85
5300 519 133
5301 621 384
5302 766 239 29 567
5303 707 514
5304 561 707 520 383
5305 664 400
5306 735 65
5307 521 658
5308 30 400
5309 281 231
5310 234 153
5311 373 340
5312 229 659
5313 638 47
5314 280 213
5315 442 664
5316 559 625 669 571 330 455 118 60 132 582 499 276 279 154 90 268 433 377 745
5317 355 348
5318 459 101
5319 8 202
5320 76 709
5321 481 427 110
5322 494 632
5323 27 491
5324 131 286
5325 253 759
5326 664 66 277
5327 227 69
5328 214 298
5329 524 93
5330 27 646
5331 18 650
5332 621 64
5333 339 179 85
5334 355 124
5335 171 695
5336 689 522
5337 516 178
5338 308 508
5339 55 223
5340 167 637
5341 270 145 592 210 195
5342 278 689
5343 77 155 626 339 188 95 85
5344 158 614
5345 336 538
5346 709 431
5347 2 694 672
5348 630 601 679 603 748 716 715 556 331 589 258 228 83 166 236 301 25 38 23 537 416 541 705 371 502 759 683
5349 423 670
5350 377 330 342
5351 487 624
5352 336 14
5353 590 448
5354 266 500
5355 467 672
5356 417 202
5357 82 408
5358 735 559
5359 1 535 552
5360 675 170
5361 572 397 158
5362 252 164 585
5363 275 444
5364 48 721
5365 206 265 501
5366 739 577
5367 494 448
5368 550 544
5369 301 760 214
5370 494 267
5371 494 323
5372 174 694
5373 133 389
5374 716 93
5375 634 626
5376 689 430
5377 550 198
5378 101 695
5379 555 396
5380 187 48
5381 638 129
5382 623 265
5383 748 534 502 679
5384 90 455 765
5385 768 63 214
5386 472 521
5387 592 669
5388 249 21
5389 516 431
5390 296 180
5391 191 514 211
5392 151 626
5393 322 687
5394 665 513
5395 554 293
5396 355 435
5397 665 167
5398 415 294
5399 275 747
5400 144 757
5401 623 71
5402 146 241
5403 309 365
5404 638 644
5405 77 155 339 666 263 381 724 532 421 69 424
5406 151 665
5407 76 532
5408 355 658
5409 391 520
5410 202 709
5411 378 304 332
5412 524 577
5413 357 354 170
5414 281 432
5415 595 385
5416 656 630 310
5417 124 21
5418 767 482
5419 506 44 508
5420 153 210
5421 638 516
5422 18 522
5423 554 529
5424 594 659
5425 364 275
5426 429 240
5427 709 148
5428 694 567
5429 146 137
5430 623 45
5431 432 566
5432 295 646
5433 323 249
5434 62 714 488 515 422 425 78
5435 349 400
5436 555 90 36 330
5437 62 448 422 255
5438 559 625 602 165 571 413 454 43 455 120 132 330 276 90 279 375 377
5439 249 170
5440 628 223
5441 355 570
5442 459 52
5443 119 710
5444 283 632 112
5445 722 614
5446 252 442
5447 39 694 276
5448 308 26 171
5449 336 521
5450 637 400
5451 513 189 551 97
5452 645 231
5453 284 480
5454 626 522
5455 587 636
5456 21 85
5457 245 745
5458 709 720
5459 90 642 330
5460 762 555
5461 267 400
5462 518 161
5463 312 732 248 266
5464 481 242
5465 687 85
5466 249 576
5467 183 709 338
5468 502 257
5469 440 488
5470 525 517
5471 621 559 625 754 335 455 36 498 477 279 90 377
5472 487 576
5473 619 697
5474 451 290
5475 524 342
5476 199 679 718 748 301 759 556 331 589 61 258 168 275 166 149 25 59 23 537 405 404 737 705 8 502 683 682
5477 301 85
5478 606 661
5479 278 384
5480 252 735
5481 223 395
5482 738 367
5483 432 232
5484 559 737
5485 536 735
5486 707 619
5487 440 291
5488 535 695 552
5489 252 288
5490 180 746
5491 623 423
5492 481 192
5493 657 144
5494 177 175
5495 95 482
5496 495 420
5497 722 491
5498 586 769 154 625 571 455 43 60 132 330 477 90 279 81 160
5499 587 25
5500 322 473
5501 151 578 763 549 528 152 574
5502 81 275
5503 39 116 582
5504 12 249
5505 38 718 748 716 556 331 168 136 83 502
5506 730 314
5507 468 85
5508 449 447
5509 101 746
5510 560 25
5511 329 349
5512 664 615
5513 93 286
5514 132 477 335 90 330 377 516
5515 689 249
5516 717 730 643 63
5517 245 355
5518 252 745
5519 462 361
5520 687 609
5521 620 686
5522 145 480
5523 619 755
5524 665 390
5525 18 637
5526 364 637
5527 709 747
5528 5 400
5529 176 12
5530 130 530
5531 161 567
5532 656 555 310
5533 174 468
5534 555 535
5535 137 192
5536 151 482
5537 27 672
5538 166 342
5539 459 38 601 679 25 748 705 759 556 537 416 168 716 83 718 502
5540 691 78
5541 623 198 754 335 330 455 120 436 498 165 487 90 268 483 481 154 641 511 36 1 5 477 413 685 738 96 375 377
5542 208 534
5543 288 121
5544 605 632 113 720 400
5545 544 277
5546 638 658
5547 420 698 116
5548 296 664
5549 151 449
5550 278 291
5551 10 373
5552 739 657
5553 270 610
5554 625 141
5555 554 687
5556 534 444
5557 279 643 377
5558 259 532 424 462
5559 630 136
5560 563 509
5561 167 636
5562 167 658
5563 621 602
5564 12 615
5565 249 433
5566 429 672
5567 630 89
5568 309 694
5569 476 709
5570 623 664
5571 64 17 639 225 399 409
5572 226 353
5573 643 503
5574 630 482
5575 174 161
5576 158 5
5577 339 626 77 390 421 155 188 85 514 431
5578 609 286
5579 278 767
5580 164 585 689
5581 194 22
5582 131 446
5583 223 205
5584 724 111
5585 223 538
5586 1 205 503 481
5587 534 101
5588 638 717 86 730
5589 454 481
5590 495 715
5591 373 116 180
5592 365 4
5593 758 670
5594 176 490
5595 625 335 30 460
5596 42 286
5597 151 625
5598 367 490
5599 522 394
5600 355 163
5601 146 498 685 69 5 96
5602 630 175
5603 522 325
5604 390 595
5605 253 226
5606 13 74 106
5607 2 694 522 396
5608 560 131
5609 458 592
5610 77 339 450 44 85
5611 724 718
5612 62 515 636 78
5613 595 141
5614 645 609
5615 512 101
5616 355 170
5617 448 444
5618 630 323
5619 406 2 694 457
5620 400 242
5621 18 626
5622 639 36 409
5623 305 361
5624 590 626 465 188 161
5625 62 422 546
5626 675 257
5627 331 695
5628 68 706
5629 479 652 243
5630 71 552
5631 473 176
5632 202 249
5633 278 37
5634 654 453 64 325 142 484 321 659
5635 459 621
5636 208 444
5637 125 395
5638 82 212
5639 524 521
5640 549 161
5641 630 12 559 335 330 36 499 279 90 377 477
5642 133 339
5643 188 215 514 626
5644 482 265
5645 592 195 434 485 714 256 452
5646 479 644 243
5647 93 484
5648 344 709
5649 80 387
5650 202 162
5651 717 364
5652 664 489
5653 155 248
5654 266 312 495 57 257
5655 715 611
5656 519 442 116
5657 689 332
5658 313 42
5659 296 516
5660 151 46
5661 415 63 645 730 20 434 78 255
5662 626 408
5663 753 572
5664 47 387
5665 565 210
5666 389 723
5667 45 342
5668 630 229
5669 322 634 450 44
5670 442 476
5671 214 664
5672 537 502 679 408
5673 481 78
5674 604 538
5675 226 390
5676 454 500
5677 252 526 651
5678 91 174
5679 93 479 243
5680 226 141
5681 69 711
5682 525 664
5683 355 440
5684 295 145
5685 568 346 160
5686 555 323
5687 638 699
5688 448 737 83 759 556 331 166
5689 175 375 754
5690 158 570
5691 482 446
5692 670 240
5693 697 615
5694 429 39
5695 18 742
5696 132 330 233
5697 263 355 65 419
5698 608 746
5699 208 508
5700 649 271
5701 373 576
5702 709 240
5703 309 56
5704 521 298
5705 90 448
5706 750 691
5707 716 755
5708 371 305 589
5709 537 709 718 83 301 502 679
5710 458 245
5711 309 440
5712 252 223
5713 676 701
5714 696 493
5715 454 669
5716 459 47
5717 442 492
5718 42 691 249
5719 278 516
5720 18 364
5721 249 78
5722 590 155 626 719 666 562 196 567 263 244 261 65 177 490 77 381 16 424 532 736 421 188 512 514
5723 158 248
5724 188 45 626
5725 638 117
5726 103 145
5727 623 355
5728 251 229 314
5729 429 327
5730 268 647
5731 352 190
5732 487 374
5733 589 170
5734 56 433
5735 454 503 140
5736 691 56 156 443 334 664 42 574 526 578 651 495 549 285 257 539 220
5737 720 97
5738 587 709
5739 609 558
5740 458 508
5741 209 153
5742 649 687
5743 593 116
5744 308 116
5745 80 223
5746 670 275
5747 753 365
5748 473 447
5749 665 595
5750 2 432 396 694
5751 537 656 679 310
5752 98 626
5753 323 175
5754 278 133 220
5755 749 697
5756 277 498 96
5757 202 737
5758 389 367
5759 626 229
5760 296 82
5761 64 576
5762 323 202
5763 622 155
5764 522 445
5765 330 509
5766 390 626 90 377
5767 89 482
5768 495 563 694
5769 253 769 43 625
5770 27 482
5771 695 538
5772 700 431
5773 519 389
5774 80 327 474
5775 17 562 418 399
5776 62 444
5777 181 662
5778 560 444
5779 485 347
5780 81 514
5781 362 635
5782 151 265
5783 587 26 171
5784 213 625
5785 62 650 422 515 255
5786 727 664
5787 494 584
5788 648 105
5789 644 481
5790 681 185
5791 89 650
5792 644 659
5793 195 126
5794 151 716
5795 626 719 188 514 764
5796 458 443
5797 429 153
5798 90 534
5799 589 413
5800 420 660
5801 278 245
5802 296 636
5803 467 534
5804 399 502
5805 153 305
5806 701 377
5807 249 588
5808 348 408
5809 150 765
5810 208 85
5811 496 448
5812 364 258 231
5813 278 749
5814 373 431
5815 301 144
5816 519 605 654 642 116 420 484 333
5817 687 664
5818 176 219
5819 131 64
5820 152 498 198 647 754 563 257
5821 720 219
5822 202 275
5823 129 650
5824 519 420 116 187
5825 495 655 257
5826 494 281
5827 670 265
5828 591 343
5829 607 51
5830 180 298
5831 47 117 668
5832 114 420 538
5833 652 341
5834 446 764
5835 513 551
5836 389 336
5837 738 185
5838 59 679 334 228 53 149 640 405 646 251 502 500
5839 685 424
5840 366 709
5841 253 21
5842 735 709
5843 313 363
5844 234 570
5845 64 765
5846 1 336
5847 621 679 228 301 149 589
5848 753 330
5849 60 390
5850 559 72 571 311 118
5851 534 395
5852 678 361
5853 638 461
5854 689 257
5855 558 538
5856 320 484 768
5857 155 341
5858 176 440
5859 227 305
5860 122 162
5861 366 275
5862 733 181
5863 487 657
5864 309 468
5865 534 550
5866 687 88 580
5867 1 668
5868 395 97
5869 278 355
5870 323 735
5871 278 197
5872 389 690
5873 208 69
5874 590 390 465 514 52
5875 621 27
5876 61 404 103 452 256
5877 295 765
5878 429 618
5879 675 607
5880 265 747
5881 762 709
5882 735 516
5883 384 576
5884 45 361
5885 623 308
5886 664 729
5887 592 672
5888 275 52
5889 534 735
5890 624 453 142 480
5891 762 154 276 43
5892 532 614
5893 1 270 63 503
5894 151 275
5895 303 21
5896 519 2
5897 687 161
5898 672 265
5899 177 720
5900 288 355
5901 176 88
5902 391 205
5903 2 438 694 91 510
5904 564 293
5905 93 218
5906 310 213
5907 151 47
5908 131 196 339 421 453 724 85
5909 767 66 277
5910 130 425
5911 448 152
5912 217 765
5913 657 473
5914 638 41
5915 465 280
5916 654 745 499
5917 724 139
5918 440 231
5919 524 596
5920 250 664
5921 372 223
5922 638 151
5923 598 463
5924 164 675 585
5925 626 421 188 427 110
5926 176 327
5927 202 126
5928 561 707 469 383
5929 473 286
5930 510 735 438
5931 590 203 339 626 719 747 666 562 196 244 16 736 15 188 512 418 514
5932 626 445
5933 25 38 59 679 603 718 748 705 589 416 404 168 228 371 199 423 502 682
5934 289 205
5935 405 59 160 502 149
5936 687 249
5937 223 746
5938 429 248
5939 246 265
5940 208 62 255
5941 593 672
5942 322 550
5943 356 132 90 43 377 330
5944 681 85
5945 494 313 358
5946 459 275
5947 281 455
5948 487 400
5949 590 339 626 666 263 247 722 65 421 188 514 85
5950 716 651
5951 366 750
5952 604 479
5953 171 480
5954 518 432
5955 75 171
5956 458 605 142 113 453 378 654 720 368 484
5957 323 302
5958 591 12
5959 303 85
5960 176 101
5961 1 198 436 477 483 701 481 503
5962 393 532 715 236 424
5963 226 112
5964 252 229
5965 762 369
5966 657 180
5967 451 309
5968 295 431
5969 115 679
5970 342 431
5971 389 314
5972 642 386
5973 82 694
5974 373 565
5975 506 296 44
5976 767 229
5977 130 265
5978 252 570
5979 406 522 457
5980 252 747
5981 45 161
5982 339 188 85 514 550
5983 197 735
5984 485 255 78
5985 323 758
5986 229 162
5987 559 499 625 90 95 455
5988 642 670
5989 762 365
5990 275 615
5991 699 453
5992 93 538
5993 391 243
5994 687 529
5995 420 126
5996 18 709
5997 69 476
5998 429 14
5999 322 223
6000 366 625
6001 83 193
6002 525 152
6003 524 654
6004 477 324
6005 742 601 679 718 748 301 759 556 767 589 168 228 83 236 166 25 541 38 502 537 416 404 352 705 371 8 199 715 682
6006 202 615
6007 270 144 592 210 195
6008 130 223
6009 252 122
6010 44 530
6011 280 223
6012 590 170
6013 258 231
6014 638 210
6015 295 710
6016 252 28 185
6017 227 601
6018 26 720 171
6019 406 190 457
6020 649 105
6021 686 369
6022 726 139 463
6023 537 759 38 567
6024 484 298
6025 691 251 85 42 671 574
6026 281 408
6027 366 190
6028 252 176
6029 301 176
6030 322 634 342
6031 335 14
6032 27 709
6033 649 202
6034 252 187
6035 146 641 140 1 738 5 298 413 165 503 481
6036 623 158
6037 638 175
6038 339 627 85
6039 604 706
6040 253 332
6041 538 431
6042 47 687
6043 406 457
6044 587 720
6045 267 411
6046 175 126
6047 615 85
6048 296 132 90
6049 132 330 90 335 226 43 377 36
6050 131 431
6051 623 95
6052 670 433
6053 645 275
6054 406 223 457
6055 447 747
6056 122 435
6057 465 223
6058 420 644
6059 628 192
6060 632 26 171
6061 146 559 602 165 571 330 455 120 436 498 90 487 279 81 483 118 481 96 1 5 341 413 511 738 375 377 477
6062 364 223
6063 355 438
6064 626 21
6065 760 628
6066 21 694
6067 296 226
6068 365 45
6069 322 25 541 634 646 748 601 228 502
6070 381 137
6071 534 45
6072 278 432
6073 534 51
6074 570 462
6075 335 482
6076 472 754
6077 598 364 543
6078 323 342
6079 519 369
6080 479 353 243 298
6081 519 116 564 293
6082 429 529
6083 716 389
6084 275 291
6085 610 532
6086 442 44
6087 670 395
6088 476 249
6089 687 767
6090 488 335 571 268 330 118
6091 153 676 248
6092 252 355
6093 706 22
6094 119 286
6095 158 85
6096 676 273 153
6097 82 358
6098 226 126
6099 521 342
6100 558 330
6101 357 32 346 354
6102 645 737 166 556 683
6103 649 572 397
6104 355 538
6105 626 468
6106 685 301
6107 623 687
6108 494 709
6109 607 351 185 548 28 690
6110 635 658
6111 698 339 85
6112 561 417 707 383
6113 176 735
6114 505 330
6115 270 355
6116 2 383
6117 524 274
6118 425 257
6119 654 593
6120 355 342
6121 604 406
6122 245 395
6123 693 567
6124 373 210
6125 559 477 90 494 279
6126 47 373 116
6127 170 112
6128 309 563 257 631
6129 25 541 352 371 301 328 101 715
6130 440 348
6131 180 142 624 484 304 654
6132 630 567
6133 638 636
6134 716 491
6135 430 342
6136 142 624 453 304 378 654 321 325 484 223 659
6137 459 12 455 499
6138 532 284
6139 559 51
6140 442 355
6141 90 735 330 377
6142 560 49
6143 561 383 689
6144 543 315 598
6145 52 16
6146 373 175
6147 312 433
6148 208 664
6149 482 646
6150 687 444
6151 223 445
6152 494 265
6153 487 565
6154 605 131 347 368
6155 555 253
6156 330 408
6157 642 735
6158 226 30 460
6159 709 661
6160 525 488
6161 522 567
6162 144 565
6163 257 350
6164 158 733
6165 699 576
6166 308 482
6167 180 277
6168 468 361
6169 146 738 373 116
6170 460 276
6171 151 145
6172 472 330
6173 762 354
6174 699 570
6175 132 661 90
6176 592 767 210
6177 161 588
6178 95 14
6179 10 664
6180 82 275
6181 373 6
6182 510 438 444
6183 643 81
6184 459 550
6185 275 265
6186 82 423
6187 296 400
6188 234 670
6189 631 578 756 755 156 563 463 574 726 186 70 651 495 127 173 257 500
6190 90 707
6191 486 57
6192 146 5 375 489
6193 691 202
6194 39 582 669 276 736
6195 114 420 170
6196 691 642
6197 82 457
6198 638 688
6199 442 238
6200 427 377
6201 69 628
6202 537 257
6203 302 576
6204 534 21
6205 450 373
6206 630 623
6207 632 670
6208 321 547 441 58
6209 459 664
6210 631 259 463 462
6211 82 267
6212 436 485
6213 177 636
6214 525 653
6215 245 440
6216 658 444
6217 414 243
6218 569 332
6219 82 114
6220 197 137
6221 48 219
6222 162 170
6223 626 615
6224 5 532 487 375 424 481 503
6225 739 125
6226 521 481
6227 252 406 457
6228 733 155
6229 309 315
6230 420 373 116 614
6231 251 167 127
6232 690 585 351 185 164 28
6233 178 56 156 647 651 549 528 539
6234 323 223
6235 175 202
6236 584 369
6237 175 431
6238 623 576
6239 644 538
6240 389 488
6241 492 615
6242 253 122
6243 56 546
6244 760 634
6245 14 342
6246 632 223 283
6247 687 202
6248 145 617
6249 610 223
6250 709 746
6251 467 625
6252 278 58
6253 687 538
6254 423 12
6255 45 433
6256 54 637
6257 322 453
6258 334 756 291
6259 309 136
6260 164 585
6261 18 625 377 455
6262 278 650
6263 415 644 210 515 78
6264 458 400
6265 251 265
6266 638 296
6267 543 383 598 561
6268 592 521
6269 158 624
6270 223 172
6271 711 333
6272 472 155 626 719 666 722 77 421 64 65 177 339 188 490 85
6273 26 202 171
6274 303 161
6275 151 473
6276 698 484
6277 308 245
6278 357 354 232 376
6279 144 361
6280 767 275
6281 132 477 335 279 377 330 672 36
6282 754 6
6283 355 609
6284 486 454
6285 607 432
6286 638 462
6287 623 14
6288 373 116 185
6289 760 214 558
6290 593 709
6291 750 694
6292 494 554
6293 263 338
6294 494 216
6295 176 516
6296 30 503 140
6297 670 333
6298 356 481
6299 543 570 142 598
6300 151 52
6301 436 483 211
6302 374 444
6303 420 515 78
6304 689 342
6305 496 331
6306 416 390
6307 561 687 707 383
6308 494 175
6309 465 664
6310 624 657 654 570 142 325 453 321 484
6311 490 205
6312 196 735
6313 612 544
6314 656 423
6315 447 444
6316 216 590 155 709 666 196 191 765 393 390 239 177 339 244 490 85 49 230 544 736 421 722 188 282 424 287 203 757 719 465 766 562 677 307 380 381 261 260 263 15 16 419 472 77 724 626 532 412 530 294 512 418 514 65
6317 746 603
6318 732 417 469
6319 164 522
6320 709 516
6321 609 141
6322 103 626
6323 158 265
6324 587 746
6325 567 444
6326 128 736
6327 717 64
6328 620 637
6329 638 652
6330 197 490
6331 725 116
6332 518 694
6333 203 155 600 244 77 381 390 626 532 544 339 188 512 424 85
6334 494 408
6335 555 615
6336 710 545
6337 687 64
6338 313 278
6339 630 202
6340 609 291
6341 144 503 140
6342 749 355
6343 549 526 750 756 631 763 56 539
6344 296 27
6345 298 22
6346 468 509
6347 146 768
6348 435 445
6349 628 565 615
6350 373 600
6351 1 187 481
6352 730 521
6353 158 669
6354 150 742 199 679 25 748 705 301 646 416 541 168 228 601 236 502
6355 344 406 457
6356 238 125
6357 687 130
6358 175 188 514 626
6359 657 150
6360 308 736
6361 216 590 757 626 719 465 191 677 670 307 263 244 390 65 736 177 765 490 294 393 49 16 424 472 260 722 532 544 666 421 188 512 418 514 287
6362 253 18
6363 484 284
6364 296 202
6365 47 593
6366 672 508
6367 429 237
6368 640 643 152 70 127 31 251 500 314
6369 322 727
6370 168 679 342 228
6371 90 41
6372 730 293 78
6373 114 365
6374 278 337
6375 151 369
6376 90 330 438
6377 208 232
6378 223 361
6379 21 711
6380 266 567
6381 234 479 353 243
6382 649 464
6383 252 521
6384 470 369
6385 465 390 694
6386 296 77 339 85
6387 47 386
6388 151 255
6389 280 476
6390 158 691
6391 109 615
6392 593 48 368 497 131
6393 621 248
6394 278 440
6395 38 444
6396 384 304 624
6397 563 348
6398 453 745
6399 629 527 80
6400 245 81
6401 226 295
6402 174 626
6403 203 15 16 562 196 393 261 688 188 418 424 532
6404 103 709
6405 259 243 479 462
6406 18 440
6407 604 500 70
6408 308 516
6409 611 386
6410 209 176
6411 278 757
6412 416 672
6413 115 768 425 319
6414 322 664 634
6415 423 636
6416 25 353 243 301
6417 420 116 711
6418 605 654 368 464 333
6419 47 145
6420 217 467
6421 44 125
6422 535 324 552
6423 687 419 287
6424 355 709
6425 421 151
6426 243 162
6427 444 400
6428 482 179
6429 235 385
6430 716 251 53 314
6431 180 664
6432 709 615
6433 175 64
6434 54 348
6435 429 621
6436 591 694 255 515 78
6437 514 395
6438 251 550 53
6439 494 252
6440 555 351
6441 302 108
6442 560 592
6443 55 433
6444 247 707
6445 722 596
6446 247 512
6447 27 65 419
6448 554 609
6449 151 117
6450 630 275
6451 278 122
6452 265 552
6453 675 85
6454 312 202
6455 560 618
6456 420 298
6457 591 415 54 78 255
6458 151 219
6459 649 691
6460 502 755
6461 459 665
6462 271 626
6463 348 538
6464 733 337
6465 622 733
6466 735 426
6467 295 722
6468 473 710
6469 278 406 457
6470 425 375
6471 390 559 499 745
6472 435 205
6473 618 767
6474 473 760 214
