322 126
561 126
383 126
676 352
767 561
767 383
767 707
715 550
695 496
514 173
366 274
634 355
391 197
767 284
301 296
510 265
265 91
438 265
312 275
275 266
701 243
130 23
482 127
447 253
522 377
621 141
330 158
377 158
158 90
648 85
429 329
545 429
551 429
229 133
735 648
670 243
559 167
420 377
420 132
420 330
330 114
455 420
420 90
455 114
377 114
114 90
455 116
641 116
132 114
619 355
758 213
657 623
275 39
669 275
582 275
279 275
436 275
276 275
550 444
706 389
545 237
392 165
470 93
550 286
382 255
730 382
515 382
560 174
555 539
555 251
555 526
721 473
670 596
509 162
520 210
355 113
587 508
630 476
625 158
435 188
626 435
570 127
623 280
657 480
309 245
571 356
620 494
494 425
717 494
494 62
494 319
494 86
494 422
591 494
494 115
557 494
730 494
494 78
494 255
515 494
652 284
555 14
473 342
720 453
400 158
587 89
454 404
653 489
598 543
554 26
554 171
606 240
446 431
592 516
161 153
355 69
525 248
707 561
707 383
561 383
687 400
385 151
630 171
630 26
650 246
453 342
651 377
574 330
651 132
651 330
330 152
526 330
526 377
377 156
520 142
424 227
649 512
720 636
431 52
718 12
716 12
502 12
371 12
83 12
679 12
518 253
587 330
587 335
587 90
750 502
296 6
746 482
735 47
559 248
248 132
511 248
625 248
279 248
375 248
248 96
477 248
377 248
498 248
268 248
335 248
248 36
248 90
571 248
754 248
685 248
745 248
455 248
486 304
303 174
365 276
365 154
301 210
587 308
554 249
161 122
243 56
353 56
735 148
607 151
309 301
409 176
431 161
280 115
280 167
280 103
319 280
378 234
253 128
429 420
666 120
279 253
646 339
646 626
646 85
646 188
228 85
687 179
722 446
472 446
446 177
512 446
336 252
642 158
597 336
414 336
636 132
636 90
549 411
349 302
648 366
590 526
689 460
689 30
760 141
719 18
280 250
460 152
524 64
252 18
539 408
709 265
760 701
701 214
356 174
679 485
691 82
678 190
686 90
657 630
462 259
664 395
563 180
750 342
664 114
632 567
274 247
522 252
589 155
589 77
619 609
476 101
459 158
745 395
549 249
649 332
389 145
555 522
712 638
556 444
444 166
390 296
666 630
555 309
664 241
389 278
544 144
745 516
558 223
709 670
103 18
524 519
728 524
594 128
414 212
333 330
480 308
454 451
657 576
153 145
676 145
392 280
514 266
709 89
176 145
709 568
353 304
321 243
243 190
479 304
479 321
570 243
243 142
479 378
378 243
378 353
353 321
570 353
304 243
570 479
485 223
525 265
767 532
767 424
555 43
526 114
573 369
567 459
699 347
484 323
557 400
509 136
54 18
576 532
585 114
735 734
626 28
514 28
188 28
429 390
654 332
440 276
82 18
733 698
224 107
643 454
516 508
709 689
482 295
216 151
687 385
161 46
494 130
709 334
709 220
709 31
709 133
709 563
709 640
709 42
709 211
709 156
709 186
709 56
709 549
709 152
709 651
709 257
709 443
709 691
482 431
421 340
252 201
321 213
570 213
367 95
330 112
377 112
405 278
630 415
630 78
630 255
657 3
576 101
162 45
516 175
197 10
762 253
432 90
617 265
605 265
720 265
265 114
373 265
265 58
632 265
517 265
420 265
497 265
265 113
728 265
265 131
486 265
265 190
368 265
283 265
265 116
519 265
484 265
333 265
265 138
265 48
598 232
411 355
489 480
691 621
716 550
167 151
274 42
691 274
295 223
384 64
130 4
608 158
396 355
694 355
355 2
700 532
700 16
700 424
700 562
700 418
700 544
619 18
366 160
277 101
101 66
535 248
552 248
266 224
131 21
243 223
479 223
707 238
383 238
561 238
664 125
710 558
709 488
761 561
579 383
579 561
521 234
645 514
490 355
522 114
525 202
656 440
444 170
598 146
543 146
543 5
598 5
607 491
226 116
420 226
226 114
735 575
538 467
364 280
666 519
642 444
302 130
691 98
240 116
637 555
607 164
490 298
623 252
404 312
404 266
560 91
615 82
621 552
621 535
473 116
587 88
538 171
538 26
497 196
670 43
670 625
670 36
670 330
670 469
670 132
670 377
670 335
550 325
364 152
601 498
130 18
689 174
476 18
560 429
423 281
687 291
634 278
487 242
597 414
508 26
508 171
645 348
700 373
700 116
762 615
678 503
519 82
487 8
709 638
691 21
573 303
431 53
454 311
673 247
709 136
735 361
480 101
443 249
670 303
538 79
540 387
364 154
364 276
377 364
364 279
524 175
625 476
353 197
479 197
243 197
134 90
128 54
267 158
767 202
615 170
680 555
538 151
637 370
496 83
634 42
322 42
170 45
720 560
539 365
526 365
709 151
509 18
193 182
465 265
590 265
459 330
291 245
625 234
475 289
665 373
766 54
276 202
202 39
278 253
654 355
504 45
481 12
567 253
767 85
502 406
406 149
664 197
524 85
618 509
709 600
265 227
406 389
457 389
689 176
764 177
553 467
699 550
83 21
631 532
631 544
424 257
578 544
578 424
532 257
563 544
563 424
578 532
532 31
544 257
631 424
578 16
544 31
454 249
554 552
555 296
672 174
231 78
171 159
519 161
623 431
670 524
78 7
746 630
420 399
420 110
427 420
420 17
420 409
479 382
64 44
332 54
234 196
450 180
180 44
458 158
271 82
628 565
666 384
657 257
435 252
687 208
623 248
355 332
750 433
698 607
620 170
623 227
308 10
279 135
202 152
735 630
651 287
651 49
620 348
586 387
459 14
205 144
330 303
670 654
442 18
736 158
670 408
283 275
745 308
709 290
709 451
516 366
391 259
709 88
538 332
116 69
373 69
768 371
759 229
620 81
620 615
615 255
717 615
615 20
615 63
615 345
615 434
730 615
670 308
595 499
595 455
595 343
595 12
687 33
116 33
687 431
532 520
699 623
257 71
432 80
696 366
687 209
564 167
293 167
218 30
460 218
694 289
552 251
679 281
366 246
694 469
596 249
619 154
373 248
602 145
436 145
738 145
498 145
145 36
145 5
145 96
145 1
511 145
375 145
413 145
487 145
483 145
559 145
503 145
145 120
146 145
165 145
642 421
202 12
454 278
391 224
223 73
162 21
390 190
607 485
341 18
634 322
682 479
243 61
479 61
587 280
669 460
554 448
732 373
389 167
676 153
431 64
745 550
253 67
525 280
440 308
687 672
619 69
365 174
432 342
694 549
584 235
347 41
278 235
688 145
214 144
621 176
180 5
429 30
538 56
538 133
538 220
687 576
735 476
534 506
534 450
534 44
195 171
195 26
592 171
502 14
61 14
149 14
537 14
679 14
601 14
83 14
416 14
682 14
404 14
59 14
236 14
718 14
168 14
716 14
228 14
589 14
748 14
405 14
383 157
614 558
685 144
729 43
595 202
440 365
429 315
735 342
706 500
706 173
584 275
92 85
339 92
748 623
623 601
682 623
623 228
705 623
718 623
623 61
623 199
623 301
623 25
623 352
623 328
623 168
623 404
623 371
623 59
623 149
623 589
742 623
679 623
715 623
623 502
480 77
476 21
368 47
760 278
278 214
487 278
672 560
486 276
486 279
532 286
311 90
308 214
622 252
760 234
560 90
389 298
520 298
279 222
330 222
222 132
558 361
694 30
30 2
694 460
460 2
592 379
567 332
235 93
767 69
479 389
692 478
608 267
433 252
355 164
585 355
746 268
746 90
746 335
746 330
746 377
703 116
703 373
265 85
339 265
249 213
247 45
349 295
579 445
761 445
86 22
657 145
446 247
645 620
502 158
446 213
591 21
727 532
593 333
485 69
728 567
567 486
296 265
503 417
689 355
694 175
615 323
137 69
735 215
44 26
590 484
525 175
538 2
538 396
296 101
442 162
592 227
687 589
687 352
687 502
687 679
687 683
687 59
742 687
687 8
687 416
716 687
687 236
687 228
687 199
715 687
748 687
687 601
687 149
687 371
687 168
718 687
687 328
687 646
687 537
705 687
687 25
687 404
687 38
687 301
687 556
687 603
687 541
687 83
555 164
445 155
534 27
753 420
753 116
339 248
248 85
555 494
709 588
664 373
745 167
436 404
559 502
679 571
559 404
559 149
559 59
679 559
404 279
404 276
589 559
543 144
664 60
664 146
664 5
664 72
664 36
664 1
664 571
664 154
664 165
664 81
664 477
685 664
664 90
664 455
664 120
664 559
745 664
664 483
664 12
664 436
664 132
664 499
664 487
754 664
664 43
664 641
664 602
738 664
664 330
664 335
664 96
664 198
664 375
664 118
664 413
664 498
664 268
664 511
664 279
664 625
418 187
532 187
666 187
490 187
562 187
196 187
187 16
538 458
638 53
638 152
671 638
638 463
640 638
638 31
638 186
638 156
638 285
638 549
638 251
638 314
630 619
534 226
484 246
686 170
768 286
664 126
280 71
476 330
665 429
567 95
593 276
750 645
598 489
543 489
621 427
621 17
639 621
621 110
621 409
621 104
621 367
621 388
621 225
621 399
496 257
617 550
341 71
392 116
663 420
420 392
663 116
563 265
460 30
564 550
458 114
458 420
458 116
458 373
750 626
82 21
411 323
720 467
423 201
576 188
516 395
520 3
576 485
720 465
494 302
366 114
366 116
519 366
420 366
728 366
202 89
567 473
556 281
759 281
281 166
737 281
726 524
524 338
524 192
756 524
524 251
640 524
524 42
524 31
524 334
524 127
524 186
631 524
524 183
524 56
524 220
524 152
524 257
539 524
524 314
524 495
574 524
563 524
647 524
549 524
526 524
763 524
524 463
379 223
296 64
528 488
762 346
589 89
89 83
679 89
678 85
642 252
442 253
210 18
415 18
255 18
78 18
620 18
62 18
591 18
557 18
730 18
529 60
678 257
678 31
678 334
726 678
678 338
678 526
678 192
678 463
678 133
678 127
678 563
678 578
678 631
678 574
678 56
678 647
694 516
549 280
280 186
752 429
429 343
735 12
746 308
454 275
145 77
155 145
763 161
626 478
309 119
522 310
735 711
364 271
457 205
406 205
670 502
692 356
664 71
593 323
715 251
609 116
524 114
457 229
406 229
299 267
598 296
543 296
727 14
615 135
638 187
622 542
709 308
257 229
563 229
454 309
52 18
590 450
689 420
689 114
689 116
695 202
759 476
309 201
618 438
560 48
689 107
448 178
745 458
689 288
440 156
440 56
756 440
526 440
440 285
440 152
539 440
440 42
715 699
520 503
520 481
520 140
676 520
520 1
764 265
298 205
660 459
640 628
656 239
656 294
656 307
310 239
296 1
661 625
493 418
587 125
308 89
429 286
679 613
613 59
613 589
613 352
613 301
705 613
748 613
613 601
613 371
718 613
695 459
247 152
625 494
760 461
403 278
457 417
417 406
650 623
489 277
489 66
626 361
555 348
595 175
491 179
79 2
396 79
396 376
694 79
514 210
514 256
514 63
730 514
514 78
514 86
514 242
717 514
242 191
514 20
514 434
514 115
682 119
762 107
538 179
730 688
396 161
694 161
161 2
516 444
758 124
759 18
83 18
166 18
161 151
590 27
188 27
196 27
418 27
244 27
339 27
85 27
27 16
562 27
626 27
736 455
448 416
472 95
177 95
642 623
395 26
395 171
377 6
587 525
687 432
233 150
319 156
651 167
651 319
643 514
650 544
242 230
498 261
687 219
700 499
700 483
700 36
700 602
700 90
700 511
700 198
700 330
700 375
649 492
730 408
484 443
249 117
638 512
687 565
481 384
598 137
657 621
302 235
584 302
248 79
361 161
561 202
707 202
383 202
638 397
570 278
751 24
37 24
709 304
449 48
417 89
618 444
386 385
611 385
534 257
308 66
308 277
442 342
267 242
434 267
591 267
267 255
592 267
730 267
415 267
267 195
267 62
267 78
267 210
545 329
551 545
551 329
636 278
277 66
651 60
309 134
336 82
355 64
592 298
555 288
195 175
214 1
481 214
691 170
706 519
615 598
171 148
587 552
658 341
615 514
625 46
440 257
555 248
485 248
670 558
487 384
666 249
732 524
524 469
623 153
508 22
677 253
717 266
691 592
606 232
708 259
732 429
697 524
767 126
709 570
635 220
45 26
590 420
517 90
105 90
355 325
453 355
365 162
424 234
532 234
445 162
322 151
459 366
619 567
247 56
432 161
444 158
514 223
383 21
592 559
355 158
266 116
735 596
763 175
251 175
563 175
175 31
183 175
175 42
574 175
175 53
175 152
526 175
495 175
200 175
697 175
726 175
175 56
257 175
175 70
175 127
671 175
463 175
756 175
175 6
631 175
691 175
558 376
558 407
709 364
735 550
600 333
679 171
228 171
228 26
748 171
705 171
716 171
171 83
679 26
623 64
732 635
333 252
698 295
431 396
448 364
171 26
709 210
709 415
709 78
709 242
709 591
665 158
278 263
510 151
151 91
687 496
580 202
292 202
560 265
158 151
396 82
151 41
645 440
355 174
442 152
716 320
658 481
525 396
265 148
715 466
763 484
735 464
323 64
420 361
361 114
747 649
508 126
697 367
590 537
494 82
522 518
516 64
604 462
454 133
377 325
54 39
550 510
550 91
687 309
759 667
750 319
750 167
433 224
695 664
522 355
715 155
752 433
552 502
679 552
535 502
535 25
552 25
537 524
107 30
649 377
649 90
649 279
649 330
649 39
649 276
649 477
649 571
576 145
494 342
748 604
679 604
604 502
604 149
457 332
406 332
672 95
709 350
560 538
473 226
652 644
649 265
762 161
664 595
431 98
567 321
364 310
656 364
648 116
648 420
675 589
709 630
687 621
164 54
482 296
561 473
672 308
735 638
489 424
625 369
407 249
746 208
577 126
359 126
750 555
331 62
331 255
291 167
482 167
453 295
621 342
653 171
653 26
490 252
525 516
174 14
473 465
512 473
736 473
626 473
590 473
473 244
473 177
473 263
473 188
719 473
473 472
750 82
664 173
445 39
445 276
175 85
741 509
687 638
715 85
589 443
709 692
277 77
524 473
541 482
438 116
720 510
438 373
720 91
654 510
438 113
484 91
654 91
510 116
654 438
510 373
116 91
720 438
510 484
373 91
510 113
484 438
113 91
630 291
403 64
454 197
482 342
361 205
432 165
308 152
471 308
664 448
576 259
701 139
664 352
670 93
443 373
469 339
568 498
531 433
355 27
502 152
205 137
676 199
736 484
736 190
701 631
81 63
308 65
308 260
765 308
419 308
677 308
308 49
308 287
423 14
598 355
652 641
652 413
652 498
652 165
652 436
685 652
652 5
652 481
652 146
652 503
652 571
652 602
652 483
652 140
738 652
676 652
652 1
652 96
652 120
252 133
252 220
596 588
623 176
284 126
736 265
687 655
440 345
557 440
714 440
515 440
440 78
730 440
440 425
620 440
591 440
440 415
440 422
440 255
440 62
440 103
586 525
575 471
488 245
626 564
522 429
334 302
302 156
528 302
302 285
443 302
678 137
593 560
162 4
550 145
549 265
670 417
580 308
308 88
308 292
445 332
508 151
735 444
638 312
732 638
638 266
638 469
470 21
257 26
223 180
656 516
694 1
432 114
552 101
747 670
621 85
621 339
108 43
625 108
145 64
323 188
626 323
672 534
646 418
520 197
550 265
670 538
429 341
281 275
247 161
638 480
691 660
391 16
424 391
421 391
214 85
760 85
298 153
174 79
650 443
520 361
431 252
656 310
429 47
469 390
142 43
619 509
522 456
709 445
136 18
443 265
679 233
233 59
416 233
233 38
601 233
371 233
233 25
652 137
735 52
596 188
626 596
596 421
596 339
596 263
596 85
596 196
596 514
666 596
506 126
126 44
450 126
647 145
631 145
152 145
186 145
574 145
145 31
578 145
563 145
528 145
183 145
257 145
463 145
495 145
251 145
756 145
715 176
455 229
498 229
229 132
483 229
375 229
271 229
582 229
769 229
229 120
229 154
436 229
330 229
586 229
312 229
641 229
559 229
754 229
268 229
229 90
229 43
266 229
732 229
625 229
279 229
469 229
701 361
762 445
381 270
694 361
700 520
232 64
243 214
364 21
679 665
665 502
665 83
573 18
691 554
468 460
167 129
544 373
356 60
435 161
445 158
636 265
759 130
331 130
679 130
737 130
748 130
130 83
149 130
683 130
589 130
705 130
166 130
556 130
254 4
761 468
473 55
442 396
694 442
442 2
468 355
308 210
308 195
308 78
332 252
699 436
699 1
699 483
699 503
645 443
494 64
700 361
402 80
746 595
656 249
369 202
735 124
423 233
670 614
750 609
361 180
671 434
145 101
732 520
395 308
489 284
291 202
330 71
146 71
498 71
71 36
477 71
90 71
375 71
377 71
118 71
132 71
335 71
754 71
279 71
268 71
560 438
746 395
767 171
767 26
735 366
750 448
615 408
672 260
672 419
672 287
455 385
499 385
385 12
373 41
116 41
746 546
308 25
308 149
308 83
748 308
679 308
502 308
275 128
706 252
406 253
538 54
634 383
332 278
592 371
592 236
592 8
592 199
592 352
716 476
482 44
482 450
596 389
735 396
735 694
735 2
651 636
672 366
609 161
365 254
675 409
637 235
693 263
475 142
570 475
475 321
737 440
440 166
694 664
752 190
670 446
464 116
534 446
599 257
409 257
550 538
767 653
481 259
630 308
364 242
649 151
632 164
755 93
644 493
445 18
735 158
755 615
459 130
648 265
278 250
559 116
559 519
720 56
763 720
720 220
638 95
550 418
202 136
549 82
443 82
539 82
718 516
560 473
697 355
739 395
667 285
532 475
171 101
101 26
429 100
629 527
620 584
620 235
584 425
591 235
557 235
584 557
730 584
584 255
730 235
255 235
425 235
591 584
584 345
345 235
407 39
733 490
638 593
658 449
481 376
649 459
265 202
657 475
164 27
79 12
376 12
709 491
643 116
691 567
554 330
554 498
554 36
554 477
554 335
554 375
554 120
554 132
554 96
554 455
554 511
554 90
754 554
550 167
670 142
670 570
689 253
735 319
735 167
278 223
672 512
672 177
416 82
477 313
716 423
323 4
436 323
766 265
725 158
455 423
550 3
658 570
715 610
514 286
286 77
286 188
286 191
339 286
286 85
737 20
737 717
242 166
452 166
737 256
166 63
166 20
698 642
442 226
672 223
638 618
355 161
534 471
656 174
616 210
720 665
628 166
565 166
709 119
670 73
691 178
668 330
227 223
538 252
554 222
521 27
735 615
298 296
117 65
689 540
614 446
554 226
373 64
19 18
237 18
432 158
355 234
689 387
665 453
649 135
733 253
481 144
466 373
176 95
649 4
668 265
265 117
223 30
567 174
626 187
670 644
660 64
610 261
459 239
459 439
459 294
459 29
459 307
459 143
459 230
530 459
459 216
720 660
709 112
614 482
615 433
645 494
727 670
757 158
709 253
309 144
560 95
656 90
355 93
760 305
249 82
638 354
638 357
687 89
444 342
750 252
609 381
389 85
558 226
451 60
707 296
383 296
561 296
649 648
538 389
735 315
385 113
720 385
516 202
560 494
384 155
664 249
482 6
538 68
716 176
280 278
187 112
330 113
720 90
720 330
664 136
590 281
658 630
705 175
175 168
175 25
404 175
371 175
748 175
601 175
502 175
541 175
589 175
278 46
369 265
650 609
549 176
609 390
546 171
735 98
267 257
166 101
664 556
679 664
664 502
664 38
664 228
716 664
664 149
664 25
664 589
664 416
664 83
664 331
664 541
338 18
756 18
691 18
578 18
574 18
42 18
534 151
448 309
448 170
448 176
383 373
522 365
652 520
518 252
277 223
223 66
482 453
46 27
636 202
494 212
722 431
638 454
445 355
288 253
374 78
453 429
459 58
736 29
481 429
687 346
649 626
482 373
482 116
732 563
732 31
732 152
732 463
756 732
690 638
638 548
638 185
638 28
700 687
694 122
205 145
361 137
432 170
664 480
709 400
546 18
750 668
665 12
665 499
745 665
687 175
622 1
502 217
396 303
220 174
498 41
192 190
570 338
484 192
484 338
192 142
570 192
725 709
734 366
380 242
460 255
483 443
754 443
498 443
366 2
343 60
353 137
520 144
663 538
538 392
473 444
455 88
707 508
209 180
668 239
709 4
630 151
721 658
689 353
476 275
534 10
678 481
746 350
593 459
308 275
516 342
354 311
378 105
525 167
431 141
636 560
587 395
604 212
596 521
689 364
210 47
415 47
78 47
577 450
611 33
497 278
368 278
520 180
760 263
263 214
760 724
462 199
259 199
462 301
634 558
558 322
630 432
638 10
158 145
760 341
758 377
429 356
716 408
532 434
424 195
424 63
768 532
532 195
592 532
532 270
592 424
424 20
434 424
424 270
532 63
145 41
309 90
594 272
762 741
567 534
760 710
710 214
672 510
672 91
672 438
234 1
481 234
503 234
239 89
524 407
746 322
386 158
611 158
223 88
292 223
580 223
371 153
630 554
670 348
678 155
174 170
501 206
555 470
571 346
623 342
95 39
511 130
487 130
656 415
656 345
656 255
656 78
310 255
656 515
656 422
656 591
730 656
717 656
656 62
615 268
615 276
615 279
615 377
615 455
615 1
615 132
615 43
754 615
615 146
615 312
615 469
615 81
615 330
615 436
615 39
615 90
615 498
615 582
615 154
669 615
615 266
732 615
625 615
691 205
440 252
369 332
687 275
366 302
716 194
767 746
429 218
488 250
563 82
631 82
335 218
218 132
218 60
218 154
218 165
330 218
268 218
218 90
218 36
218 120
559 218
218 43
218 81
455 218
483 218
377 218
641 218
625 218
498 218
218 118
375 218
760 139
214 139
550 491
760 284
284 214
658 196
735 151
735 679
649 213
735 425
636 245
550 6
735 175
672 158
391 296
709 632
709 283
709 58
709 190
361 266
550 257
255 212
212 62
632 85
720 85
113 85
732 598
472 223
642 445
611 46
271 162
459 453
738 77
738 155
498 77
709 674
90 2
396 335
396 36
396 377
694 90
377 2
694 377
396 330
653 541
289 278
307 270
202 149
202 83
683 202
759 202
537 202
202 25
556 202
202 59
716 202
679 202
389 194
563 142
563 453
631 304
378 31
631 378
631 142
453 257
257 142
631 453
563 190
442 395
649 593
383 252
561 252
459 423
668 564
587 238
715 481
481 301
682 1
481 236
352 1
236 1
61 1
601 481
314 299
615 280
122 45
670 652
223 119
649 148
691 226
226 152
226 56
226 42
226 220
323 145
434 120
590 36
559 223
558 408
723 514
670 546
523 243
389 56
697 389
389 200
389 186
500 389
763 389
389 173
556 423
423 166
342 152
342 186
526 342
342 127
342 6
342 251
342 42
651 342
342 314
342 53
342 56
342 70
549 342
342 84
584 265
490 192
415 71
445 54
476 383
249 130
715 657
657 541
657 301
657 502
657 352
718 657
657 228
657 25
657 168
657 328
742 657
748 657
657 371
657 601
657 646
657 236
705 657
657 199
657 589
429 217
630 459
481 417
145 66
610 101
563 442
560 94
162 135
689 138
653 580
653 292
653 88
625 42
735 573
490 391
440 82
609 385
361 197
438 85
510 85
652 461
303 213
736 687
400 119
739 623
384 27
746 687
555 103
332 95
550 454
573 400
733 691
133 82
764 709
675 558
295 116
645 291
208 202
361 196
418 361
361 16
424 361
361 263
532 361
421 361
451 251
281 276
707 280
213 148
403 85
648 58
396 361
664 508
355 175
760 391
391 214
745 651
333 205
366 21
490 270
660 445
623 101
638 623
761 134
636 219
320 298
565 543
628 598
628 543
598 565
517 229
485 453
645 82
477 440
462 461
555 521
763 446
746 126
626 559
657 431
735 122
486 243
762 105
646 209
366 330
760 137
214 137
322 296
634 296
716 613
278 234
278 136
618 330
689 226
694 281
669 170
364 291
487 197
278 91
695 630
295 127
295 152
737 615
615 166
709 627
664 160
660 158
524 442
423 210
180 101
312 82
266 82
308 125
578 67
735 325
735 453
560 550
384 227
675 638
487 379
338 223
257 223
223 183
640 223
223 31
223 70
671 223
726 223
223 192
223 200
631 223
223 57
578 223
697 223
251 223
223 127
495 223
385 158
205 5
600 27
664 88
664 580
473 14
289 64
494 310
656 494
379 352
458 93
750 656
750 310
672 638
491 446
510 33
630 543
524 377
524 330
396 253
694 253
253 2
278 170
321 144
190 144
144 142
484 144
440 293
253 252
587 300
585 435
157 59
404 157
705 157
715 157
589 157
328 157
157 149
632 308
189 167
167 97
649 355
552 102
596 247
663 657
521 180
341 243
730 309
101 45
529 126
735 296
355 185
355 351
355 28
690 355
294 52
52 29
216 52
143 52
439 52
307 52
239 52
277 126
700 352
700 168
700 25
748 700
718 700
700 236
700 8
715 700
700 404
700 371
700 679
700 682
700 199
700 38
700 601
700 646
700 502
700 301
700 228
705 700
239 88
530 88
307 88
417 45
619 448
735 607
524 223
90 89
475 361
746 255
420 148
701 381
516 122
522 253
402 387
679 277
514 119
678 205
484 130
478 96
478 72
478 5
602 478
478 146
478 118
478 154
738 478
478 198
483 478
478 132
571 478
478 120
478 330
478 90
727 450
229 149
694 2
694 396
396 2
315 146
609 226
276 82
330 82
279 82
559 82
154 82
669 82
582 82
377 82
82 39
653 552
768 265
223 76
432 45
591 307
210 151
689 361
750 416
589 145
769 606
577 538
567 516
312 245
266 245
664 82
596 152
729 78
554 21
656 558
558 310
589 241
371 241
278 115
415 278
278 195
319 278
278 255
592 278
278 62
591 278
278 103
515 278
620 278
278 63
278 86
278 210
557 278
730 278
714 278
768 278
278 78
434 278
717 278
422 278
278 167
278 270
425 278
657 391
636 458
694 280
280 2
355 110
427 355
388 355
664 630
686 243
715 569
657 27
586 158
342 232
416 3
538 453
286 167
578 420
454 257
563 454
495 454
587 202
672 516
623 116
623 373
552 445
730 554
554 255
591 554
554 415
554 78
554 62
557 554
384 252
444 257
667 78
301 298
653 66
653 277
624 347
623 544
623 532
623 188
623 155
626 623
623 261
623 16
623 196
623 77
623 562
623 85
623 339
623 424
589 196
688 144
308 208
678 487
678 375
678 511
636 239
709 444
494 278
179 27
502 422
469 311
311 43
625 311
606 330
590 440
298 259
462 298
625 529
700 27
479 278
278 243
563 343
752 563
529 10
755 166
689 310
689 656
365 161
638 438
632 196
342 175
604 389
614 444
461 391
626 454
596 252
361 27
591 178
730 449
664 656
664 310
660 611
660 386
512 148
177 51
265 21
378 153
153 142
675 543
675 598
625 222
750 432
477 34
400 390
544 400
765 400
400 381
400 230
532 400
419 400
400 216
400 307
400 188
400 49
400 287
400 380
590 400
418 400
400 244
530 400
514 400
400 260
424 400
400 196
722 400
562 400
757 400
400 65
400 294
400 263
400 16
400 393
465 400
400 191
677 400
400 239
719 400
626 400
630 422
638 392
373 141
600 286
444 265
622 132
548 85
85 28
690 85
548 339
690 339
642 410
521 278
695 530
369 39
607 295
656 604
604 310
534 473
223 45
395 89
291 216
691 361
689 396
694 689
689 2
630 538
465 459
590 459
481 445
761 660
519 152
152 116
590 355
514 355
626 355
355 188
446 133
735 587
709 376
366 295
512 494
494 465
719 494
228 64
646 64
168 64
502 64
632 429
429 113
378 298
304 298
321 298
604 494
764 473
213 112
494 253
187 27
646 296
619 291
614 266
694 431
667 494
459 141
503 45
322 226
634 226
767 489
709 117
544 265
296 148
396 48
396 58
609 442
698 48
698 368
698 131
366 202
570 376
696 534
142 101
503 176
176 1
557 291
515 291
291 62
730 291
291 210
345 291
620 291
291 255
291 242
591 291
422 291
415 291
291 78
161 58
764 560
735 130
763 188
763 514
631 188
626 251
188 152
626 574
514 200
574 514
514 152
763 626
514 251
574 188
626 152
348 171
592 71
210 71
670 400
310 281
656 281
588 27
678 304
446 152
330 26
335 26
477 171
335 171
330 171
171 36
269 148
664 175
733 377
492 154
494 364
692 240
691 162
656 448
448 310
688 578
453 6
706 454
746 197
470 124
657 481
635 628
395 136
432 252
451 134
252 2
694 252
396 252
638 560
720 145
624 145
654 145
145 113
190 145
453 145
325 145
378 145
321 145
315 145
659 145
605 145
145 142
484 145
304 145
145 58
767 595
364 323
483 249
249 60
375 249
249 39
330 249
279 249
249 132
477 249
481 249
498 249
669 249
582 249
249 120
625 249
377 249
769 249
249 154
503 249
436 249
249 1
455 249
249 5
249 81
276 249
249 90
217 55
384 180
243 27
687 482
546 488
473 377
473 90
689 45
455 333
767 534
415 313
313 78
415 358
591 358
591 313
358 78
652 90
652 377
312 226
284 101
489 308
709 473
252 174
750 615
657 125
400 208
187 113
716 278
667 302
289 249
305 69
733 295
694 251
694 53
707 595
429 151
521 105
664 636
367 176
205 16
418 205
562 205
421 205
532 205
424 205
615 400
610 25
519 312
732 519
519 469
636 554
709 529
523 325
637 302
630 364
389 234
649 567
596 2
596 396
568 32
568 346
346 32
179 152
660 355
701 205
717 229
716 129
205 197
524 447
522 432
342 290
555 365
667 231
101 1
436 101
498 101
453 27
365 205
660 642
401 370
224 170
654 248
312 105
664 270
664 195
664 255
664 515
664 592
664 591
664 78
664 210
735 509
660 593
383 145
691 155
767 598
767 543
635 241
249 114
420 249
448 250
384 95
202 130
248 145
429 366
420 79
396 174
384 85
554 432
603 445
625 240
654 576
659 576
609 214
760 609
617 392
668 105
621 155
687 308
665 385
44 10
588 420
481 273
339 209
135 82
638 607
758 640
636 251
609 223
709 249
550 180
489 361
114 27
420 27
606 218
442 82
560 245
767 101
60 55
315 152
421 166
631 278
278 257
671 278
640 278
526 278
495 278
463 278
697 278
549 278
278 152
756 278
338 278
278 127
278 200
278 183
364 130
767 308
355 316
295 265
697 188
697 421
644 400
445 52
755 373
454 314
664 516
614 286
323 82
577 395
267 86
319 267
267 167
445 4
762 296
709 696
473 265
716 619
637 369
493 385
447 79
446 417
534 223
654 465
659 465
497 219
759 27
665 33
706 442
440 80
567 429
535 196
642 626
438 226
681 447
619 476
482 64
484 158
632 158
519 158
158 113
720 158
373 158
368 158
654 158
605 158
333 158
158 116
158 48
420 158
555 293
564 555
60 49
630 295
754 702
702 165
702 132
702 36
702 330
702 499
702 12
702 498
702 90
467 55
570 47
142 47
484 47
299 210
299 78
415 299
726 628
628 563
647 565
756 628
565 463
631 565
578 565
628 578
756 565
628 463
647 628
631 628
726 565
565 563
742 155
736 588
626 148
709 323
767 223
365 303
707 630
630 561
630 383
253 114
694 592
563 489
489 463
395 265
514 283
621 481
570 293
672 151
766 275
275 239
275 29
738 305
511 305
305 198
305 146
242 77
302 160
344 255
735 95
377 355
596 355
689 214
71 26
400 337
717 342
330 141
377 141
141 90
678 197
251 141
487 371
682 487
742 375
487 352
487 236
715 487
511 371
682 511
742 511
742 487
375 236
511 352
715 375
375 371
600 290
600 451
477 355
571 355
676 495
534 148
468 175
598 391
543 391
572 458
458 397
525 71
650 435
725 560
487 41
278 93
672 212
631 630
630 563
630 257
630 578
139 77
762 151
678 279
522 442
697 342
473 170
644 498
644 96
644 36
644 120
644 81
151 138
728 151
325 151
315 151
517 151
484 151
654 151
373 151
151 114
632 151
519 151
151 105
321 151
617 151
151 113
605 151
378 151
151 131
570 151
420 151
659 151
497 151
453 151
624 151
283 151
151 116
486 151
151 58
151 142
368 151
190 151
333 151
576 570
570 197
197 142
378 197
197 190
484 197
321 197
659 197
765 433
677 433
265 33
657 139
389 286
709 214
587 543
750 494
546 355
577 359
642 321
642 570
733 355
367 65
724 367
652 298
715 547
715 441
396 21
308 197
749 626
626 432
609 473
424 64
598 205
543 205
534 447
755 255
755 415
755 62
755 78
755 730
674 446
651 508
389 355
392 151
520 490
538 291
644 298
555 433
645 448
745 371
266 161
638 550
649 618
695 619
278 64
572 114
534 480
415 265
265 78
392 339
684 90
767 634
400 284
759 255
730 679
716 591
730 716
759 415
591 83
679 415
415 83
716 255
730 149
716 415
524 250
644 190
431 95
743 370
694 342
523 332
506 450
506 44
450 44
733 367
574 64
314 64
70 64
697 64
463 64
156 64
251 64
763 64
186 64
152 64
183 64
64 31
563 64
631 64
64 53
64 42
549 64
334 64
84 64
691 64
64 56
526 64
200 64
127 64
500 64
257 64
640 64
443 64
651 64
338 64
495 64
133 64
671 64
735 336
651 390
653 126
522 124
711 376
711 407
689 170
709 166
667 313
650 560
555 60
336 255
391 144
607 64
555 389
538 508
516 119
349 119
650 538
445 252
406 194
457 194
623 82
615 224
615 232
615 376
670 447
265 208
621 322
689 213
445 93
82 14
643 615
620 514
508 296
698 252
575 152
664 450
664 506
664 44
432 323
216 82
322 308
634 308
301 234
234 199
260 93
670 609
721 158
570 359
577 570
444 130
552 315
695 448
516 78
730 516
516 255
516 415
487 485
758 516
420 213
691 223
477 202
746 664
735 42
735 152
735 220
735 539
735 443
735 574
735 53
735 251
735 133
584 54
454 433
220 213
213 56
746 175
687 251
473 278
252 132
252 90
279 252
377 252
455 252
726 615
615 495
615 152
615 539
631 615
615 285
615 56
615 257
615 443
615 57
615 549
615 70
615 31
615 173
615 563
615 42
615 251
615 500
756 615
615 526
615 463
615 127
691 615
615 574
615 183
615 314
615 156
492 162
232 224
407 376
407 79
376 224
407 224
224 79
407 232
376 232
376 79
687 145
750 278
576 413
576 436
576 375
576 120
576 198
738 576
576 483
685 576
576 498
576 96
576 5
576 477
576 146
558 222
658 584
257 178
348 14
249 151
592 367
333 174
709 466
555 336
278 52
301 146
199 5
301 5
587 152
442 85
554 488
524 276
636 257
638 441
753 117
280 151
669 649
484 392
392 321
392 304
663 484
663 624
663 304
663 321
663 654
663 142
654 392
663 570
624 392
570 392
392 142
679 51
590 492
334 250
251 250
539 250
631 250
314 250
647 250
250 152
549 250
526 250
563 250
463 250
250 56
726 250
651 250
285 250
250 156
528 250
250 84
257 250
574 250
653 330
664 323
664 275
609 54
730 250
255 250
250 62
170 30
460 170
657 418
750 152
208 171
56 26
323 85
732 479
732 243
718 340
340 59
368 185
492 173
687 217
496 275
659 391
596 377
596 90
224 174
591 477
592 413
413 195
477 78
477 210
477 415
413 210
477 62
591 413
521 95
356 162
614 550
534 195
735 588
363 246
620 357
622 119
709 644
538 438
538 91
538 510
709 313
275 158
69 57
443 69
578 69
211 69
379 69
726 69
285 69
334 69
192 69
186 69
463 69
251 69
338 69
183 69
563 69
647 69
241 69
574 69
69 31
697 69
257 69
200 69
69 56
631 69
671 69
756 69
500 69
173 69
516 381
656 355
252 114
420 252
381 278
278 155
279 270
518 355
116 18
284 278
649 458
718 520
520 236
520 199
705 520
520 371
520 352
520 25
748 520
603 520
679 520
520 502
520 301
589 520
537 520
682 520
601 520
520 61
355 283
721 709
276 217
554 538
421 158
432 355
229 12
522 39
522 276
695 302
612 400
445 82
757 747
747 307
747 294
699 151
654 69
605 69
484 69
624 69
142 69
659 69
453 69
325 69
590 253
552 242
654 257
654 563
654 631
659 31
654 31
746 292
645 81
512 252
719 252
626 252
252 188
103 101
767 155
365 361
389 109
470 355
694 339
396 188
339 2
85 2
694 85
626 2
396 85
626 396
188 2
694 626
687 660
344 162
543 263
598 263
281 201
381 180
180 16
424 180
421 180
418 180
339 180
562 180
180 85
180 77
261 180
666 180
532 180
649 12
520 85
364 202
151 33
704 90
215 27
767 552
308 90
377 308
330 308
39 1
516 151
253 39
516 56
697 516
516 463
516 6
671 516
647 516
516 31
516 156
516 257
726 516
574 516
516 42
691 516
516 127
763 516
526 516
516 152
516 200
528 516
516 443
651 516
563 516
516 251
539 516
549 516
516 285
756 516
516 334
516 70
516 84
631 516
396 71
677 567
661 107
678 598
678 543
415 88
591 88
52 12
618 473
716 406
691 52
296 151
669 162
732 643
202 82
433 79
596 213
205 180
468 9
650 563
385 85
733 332
257 8
463 8
631 8
463 199
265 160
687 180
675 90
667 82
687 136
746 738
746 511
560 309
524 355
630 582
257 41
767 263
706 278
453 431
431 325
447 446
445 21
715 653
675 454
675 367
141 64
653 459
466 44
355 291
364 278
482 466
170 64
250 36
672 39
668 171
668 26
520 462
555 22
672 538
709 291
638 617
638 570
720 638
659 638
638 420
638 113
728 638
638 131
638 497
638 58
638 453
638 486
638 190
638 632
638 315
638 368
638 605
638 116
638 519
638 138
638 333
638 325
638 304
638 105
638 517
638 321
638 378
654 638
638 484
638 142
325 153
719 62
727 27
709 28
522 332
746 534
584 554
656 348
750 664
638 85
249 162
486 245
557 135
296 223
687 630
767 214
694 295
609 538
145 85
373 202
202 116
630 249
631 479
631 243
631 353
681 355
750 276
429 296
309 281
689 303
550 342
670 148
411 18
275 223
293 205
660 484
660 58
660 605
660 283
64 27
356 218
709 447
555 295
762 122
493 27
385 33
745 309
377 283
632 377
659 205
570 205
321 205
654 205
507 161
435 174
554 257
694 321
632 2
694 632
694 283
283 2
694 58
476 202
694 45
45 2
519 395
167 133
720 524
447 90
447 132
447 377
648 550
672 494
442 296
552 202
280 265
630 511
590 275
275 191
514 275
737 336
336 166
759 336
699 519
699 517
699 368
699 605
699 373
699 113
699 654
699 190
699 116
699 484
653 89
657 89
689 442
373 219
219 116
420 219
174 164
585 174
625 435
625 202
308 46
361 353
479 361
361 243
407 222
644 90
265 219
574 341
578 341
341 31
341 338
341 133
563 341
341 183
647 341
485 236
494 280
689 210
670 280
310 82
656 82
706 417
487 287
487 49
494 249
650 352
326 284
418 145
715 489
670 45
484 216
307 81
294 72
294 81
445 443
707 476
687 171
275 245
420 382
382 116
257 234
689 596
609 278
446 373
281 223
451 373
373 290
596 519
373 322
322 116
634 116
634 373
538 46
179 64
689 667
567 442
493 265
357 132
625 354
354 132
357 154
582 354
354 43
455 357
582 357
769 354
455 354
769 357
354 154
357 43
625 357
440 208
494 161
195 101
592 101
332 40
407 132
376 335
268 224
335 232
224 132
132 79
407 335
330 79
407 268
330 224
335 79
232 132
376 330
268 232
330 232
335 224
376 132
407 330
268 79
376 268
687 610
588 267
649 275
495 275
275 57
275 257
721 113
721 720
279 245
436 245
276 245
330 245
268 245
477 245
245 90
335 245
498 245
568 176
672 618
592 353
592 243
688 601
703 445
525 141
623 309
361 25
654 176
567 79
454 161
176 157
303 4
623 197
672 26
344 218
589 384
384 301
525 277
670 253
552 309
556 291
291 83
737 291
291 166
716 291
689 103
364 266
489 101
621 563
621 31
746 26
484 383
689 21
252 172
672 116
672 420
672 373
672 114
355 18
342 296
730 637
637 210
637 62
637 78
637 415
637 515
637 255
696 302
445 170
696 27
446 179
583 50
654 572
691 431
664 494
257 218
463 218
609 516
709 178
630 448
750 440
760 286
691 122
278 95
538 512
270 25
715 270
270 236
679 270
601 270
735 446
302 7
665 47
308 296
367 180
433 271
558 278
709 383
275 47
538 440
481 113
728 709
621 490
180 25
541 180
371 180
742 180
679 180
715 180
705 180
646 180
589 180
301 180
328 180
352 180
228 180
236 180
722 638
423 275
538 89
709 247
504 243
205 45
679 595
595 502
595 59
716 595
595 541
595 38
595 416
595 149
601 595
718 595
595 83
705 595
595 168
595 25
595 589
595 556
748 595
275 251
667 400
605 210
605 195
605 20
153 139
490 305
666 305
591 158
415 158
286 64
290 286
451 286
621 95
609 42
609 186
609 152
609 56
718 619
619 502
679 619
379 211
624 278
304 278
642 219
459 383
467 420
630 101
757 230
766 29
412 380
143 29
757 143
230 29
412 282
561 89
707 89
383 89
468 253
623 210
623 592
180 150
494 293
174 85
686 255
390 151
590 151
681 570
566 252
383 180
685 381
685 15
550 134
657 384
571 170
745 170
279 170
170 60
312 170
625 170
335 170
170 132
330 170
170 43
377 170
170 39
170 90
469 170
455 170
276 170
170 154
607 196
764 534
429 152
735 707
692 160
298 197
740 569
399 388
616 569
388 104
388 17
740 731
740 616
731 569
399 104
399 17
731 616
104 17
585 432
432 164
525 126
642 265
658 85
460 454
454 30
550 248
341 39
538 477
538 335
538 455
538 90
522 460
685 429
429 335
429 375
429 165
429 81
429 90
429 330
498 429
559 429
429 146
754 429
429 132
738 429
429 96
429 377
429 118
455 429
429 268
429 279
625 429
429 120
483 429
511 429
429 72
429 36
518 396
296 171
296 26
476 328
715 476
357 82
658 367
291 267
709 478
226 164
557 555
730 555
555 242
555 78
620 555
555 415
555 255
555 345
555 422
591 555
555 62
271 239
427 342
117 18
491 373
560 223
295 77
295 188
666 295
421 295
590 295
390 295
339 295
295 263
295 244
295 155
626 295
295 85
465 295
295 261
514 295
424 209
532 209
609 440
631 374
726 374
374 257
563 344
630 156
630 285
618 158
385 366
649 420
649 116
649 519
613 556
423 223
638 596
735 593
407 333
376 333
278 179
433 356
609 395
522 54
631 144
691 144
192 144
578 144
443 144
314 144
526 144
144 57
563 144
539 144
726 144
144 31
183 144
257 144
144 42
495 144
251 144
463 144
338 144
625 364
534 420
534 116
348 18
383 247
623 612
554 396
694 554
554 2
254 161
289 197
670 649
305 16
532 305
424 305
631 366
524 137
694 373
739 126
275 271
461 16
532 461
520 417
512 10
342 312
297 129
494 14
699 101
670 449
466 421
532 466
425 341
730 341
768 341
592 341
515 341
415 341
341 78
714 341
341 210
585 361
361 164
654 522
280 224
280 232
376 280
692 78
650 494
650 389
634 26
560 2
694 560
767 508
312 298
469 298
732 298
736 257
503 69
140 69
153 69
676 69
214 16
214 196
532 214
760 532
424 214
214 203
760 424
562 214
555 554
613 18
694 585
585 396
585 2
694 164
275 108
653 202
746 45
378 161
502 77
590 254
670 295
179 93
258 82
82 23
231 82
709 187
494 440
753 735
511 243
124 107
486 404
559 308
252 162
385 116
414 255
479 383
315 133
764 196
764 418
764 16
656 245
432 303
165 93
434 58
734 709
538 278
476 265
746 373
257 249
495 249
676 278
278 153
538 25
442 361
280 114
604 160
259 5
494 275
426 116
367 142
453 409
599 453
624 367
367 190
639 453
639 325
453 367
367 325
389 296
213 188
626 213
365 288
767 587
174 30
267 235
584 267
464 458
639 511
600 538
355 232
355 224
524 467
529 525
525 508
650 54
429 101
685 31
546 440
767 130
136 42
546 423
108 67
481 30
158 33
567 213
687 21
543 384
598 384
764 367
764 399
764 110
355 248
485 383
414 278
627 626
449 330
587 417
484 1
165 142
321 1
484 165
659 1
190 1
142 1
481 453
321 165
484 481
659 165
481 321
481 142
659 481
481 190
679 103
679 20
679 242
589 434
589 103
735 96
332 2
396 332
709 275
630 534
672 556
672 83
710 687
578 485
486 275
596 253
685 232
223 214
687 14
664 245
762 45
660 367
694 512
512 2
758 156
758 539
758 691
758 651
758 251
758 42
226 222
649 158
93 54
509 476
423 309
278 129
302 257
226 214
760 226
121 80
585 442
592 445
503 301
589 503
589 1
503 25
47 16
675 252
355 254
361 339
361 85
672 251
672 526
672 156
589 444
458 374
555 215
667 276
667 39
164 161
585 161
354 160
357 160
700 657
446 215
308 175
373 3
524 174
435 312
645 364
758 477
454 245
524 226
699 145
625 161
355 213
560 554
595 459
283 226
525 483
525 499
525 12
754 525
525 132
738 525
571 525
525 118
525 498
525 436
525 279
525 413
525 268
559 525
525 72
525 455
525 36
525 198
525 375
525 477
525 90
745 525
525 330
625 525
266 238
652 223
614 333
252 226
689 252
460 444
735 365
567 252
638 149
638 59
638 405
679 638
638 502
709 688
580 126
626 621
252 85
688 420
688 519
688 116
64 36
330 64
90 64
735 309
670 274
649 630
598 171
543 171
587 302
726 101
631 101
257 101
657 482
265 2
396 265
694 265
226 170
749 709
657 165
543 308
598 308
611 400
248 232
678 424
678 562
678 16
678 666
678 393
678 532
760 384
284 5
413 284
392 144
223 153
676 223
310 223
656 223
626 442
429 344
719 367
383 90
383 279
383 36
383 276
383 330
293 247
432 310
220 21
637 93
656 81
732 197
615 355
742 384
467 177
512 467
472 467
538 164
453 332
332 325
735 82
735 222
308 148
596 361
670 567
664 85
509 161
248 152
252 45
576 453
305 241
573 470
524 476
151 2
694 151
524 247
361 28
361 185
652 504
510 91
510 438
438 91
366 113
685 305
288 278
614 222
727 383
512 275
691 283
612 463
612 127
612 42
612 563
726 612
651 612
612 84
631 612
612 257
647 612
612 549
612 56
756 612
344 229
649 538
709 359
709 577
473 385
707 489
623 180
550 41
767 623
435 226
450 308
506 308
308 44
758 522
577 239
576 341
767 480
664 224
440 128
411 128
559 514
724 659
659 342
654 342
623 591
623 434
623 63
623 320
768 623
623 270
623 242
623 256
365 336
311 30
460 311
520 353
520 243
520 479
494 122
740 25
655 25
748 102
705 569
718 569
748 569
416 102
748 740
718 102
740 416
740 718
569 416
740 705
748 655
102 25
705 102
705 655
569 25
485 261
546 348
665 90
445 253
664 217
295 238
752 306
697 384
691 93
511 270
534 64
672 136
630 18
273 132
279 273
273 268
330 273
435 432
615 332
673 395
687 516
664 248
278 145
650 93
550 458
619 436
619 498
280 21
197 101
691 473
473 42
609 494
687 323
361 252
687 618
443 361
541 27
742 678
615 476
656 615
521 243
521 479
680 365
699 41
299 275
473 85
313 265
358 265
660 626
730 145
296 116
497 296
420 296
333 296
728 296
486 296
519 296
517 296
296 138
687 158
709 425
224 1
701 490
735 555
649 113
649 58
649 283
720 649
649 632
431 152
626 105
746 610
764 444
278 12
437 169
479 192
243 192
64 21
373 149
705 373
149 116
715 116
373 38
601 373
715 373
502 373
705 116
502 116
742 373
750 630
208 90
498 227
493 246
746 383
257 210
463 415
592 495
463 78
495 415
495 78
563 78
592 257
495 210
592 563
463 210
210 152
152 78
563 415
592 463
415 257
257 78
563 210
415 152
670 420
670 114
735 435
304 90
670 431
621 116
621 373
467 95
560 28
255 14
445 85
578 202
243 205
353 205
479 205
473 355
709 614
532 480
480 424
719 89
188 89
390 89
626 89
653 561
707 653
653 383
720 245
623 232
280 85
429 97
364 135
587 406
587 457
400 18
440 423
676 243
646 308
547 420
441 420
664 598
664 543
529 132
529 375
529 335
529 377
529 499
529 343
529 330
529 90
745 529
529 120
529 36
475 153
670 577
670 359
150 89
664 278
494 442
499 493
493 343
752 493
529 481
709 130
567 249
623 530
733 325
521 188
626 521
554 355
561 265
383 265
666 202
497 22
636 158
687 591
473 252
746 348
560 477
560 36
692 79
692 407
692 376
692 232
479 353
353 243
479 243
698 145
522 378
464 158
433 82
594 97
594 189
709 64
432 344
615 175
189 151
151 97
334 116
453 242
511 308
375 308
453 40
745 381
607 519
607 517
607 116
607 131
607 484
607 368
607 570
607 605
607 113
607 420
607 333
607 497
607 142
607 114
607 373
377 53
670 69
555 408
651 560
520 57
701 278
670 637
187 17
367 187
399 187
187 110
427 187
746 471
389 259
462 389
524 503
615 373
768 701
384 127
384 42
384 31
578 384
384 56
384 57
756 384
563 384
726 384
384 338
463 384
384 192
526 384
631 384
458 280
764 321
431 179
424 289
532 289
567 112
560 280
717 709
435 162
366 346
423 56
557 151
255 81
730 81
515 81
81 78
709 47
564 336
309 151
348 62
348 255
422 348
348 78
730 348
152 26
578 227
631 227
443 227
647 227
251 227
495 227
463 227
756 227
227 31
257 227
227 42
563 227
227 56
726 227
539 227
679 335
322 141
442 108
125 45
664 612
762 21
694 433
291 54
332 224
293 175
720 515
552 292
710 657
687 27
630 82
480 69
455 445
445 90
625 445
291 21
570 461
296 205
635 285
635 156
756 635
647 635
635 578
532 116
643 229
489 195
592 489
638 133
638 220
310 156
656 56
656 539
656 152
656 443
656 257
656 463
656 156
687 280
14 8
125 78
668 642
642 117
609 97
208 89
675 626
284 26
265 67
638 429
567 164
487 18
511 18
747 446
432 174
767 180
620 609
609 591
609 255
609 62
609 78
609 557
609 515
537 249
587 518
303 162
526 416
495 245
245 57
257 245
621 338
438 251
349 286
715 660
626 554
715 638
638 328
295 45
434 275
591 275
422 275
275 256
275 242
452 275
415 275
275 20
275 78
730 275
275 62
275 63
395 278
709 567
508 438
341 145
128 7
767 373
359 2
554 64
763 120
763 559
687 342
694 609
440 93
538 308
534 322
610 453
736 481
516 494
358 345
672 390
672 465
488 229
610 308
529 202
424 278
538 425
538 515
538 210
538 195
538 62
538 20
714 538
538 270
768 538
538 434
730 538
538 255
592 538
538 242
538 345
538 78
687 613
636 516
709 126
204 16
660 618
575 444
493 311
516 130
734 444
765 89
260 89
191 89
416 255
638 342
466 180
664 561
664 383
707 664
697 12
767 296
308 77
339 308
665 636
694 249
332 45
678 69
473 93
385 219
657 42
279 107
625 107
132 107
107 43
276 107
107 90
154 107
455 107
746 89
609 295
478 326
453 95
291 18
765 746
666 446
724 446
465 446
446 421
590 446
446 339
446 188
626 446
446 263
514 446
490 446
446 85
342 295
252 60
161 4
223 1
424 241
532 241
762 590
457 435
750 672
444 333
384 190
484 384
126 26
171 126
638 9
654 618
659 610
654 610
539 93
671 93
526 93
463 93
93 56
443 93
670 355
594 493
700 280
484 463
172 145
565 483
754 565
565 498
223 69
259 195
592 462
259 210
259 78
768 462
320 259
592 259
462 320
462 20
462 195
290 168
742 290
535 525
552 525
672 484
623 191
400 250
673 551
673 329
673 513
697 93
746 202
538 459
174 151
145 90
308 202
709 446
196 41
745 145
735 355
280 253
175 78
251 245
689 494
442 107
733 445
460 85
296 152
433 420
538 333
552 88
554 152
589 71
449 280
457 361
406 361
348 90
440 281
654 161
421 309
665 97
487 444
308 27
644 145
180 10
663 278
315 47
665 416
555 278
709 267
473 27
729 539
729 56
729 526
729 42
729 127
729 500
729 84
729 70
444 308
687 494
361 283
477 302
572 117
687 636
661 232
371 3
554 175
305 167
623 310
656 623
716 275
342 247
759 623
160 10
522 226
615 567
607 85
607 339
729 530
729 439
692 81
692 72
692 96
692 279
692 330
692 511
692 36
738 692
692 343
692 477
692 132
692 165
692 499
692 120
692 571
745 692
692 481
692 1
692 118
692 413
692 375
746 10
309 252
467 433
369 253
318 18
709 658
305 197
691 128
128 42
179 78
515 179
649 385
750 717
750 730
750 620
750 255
750 591
750 242
750 557
750 195
750 78
750 62
750 515
750 210
750 270
750 434
750 415
750 592
701 532
650 223
448 275
700 257
700 31
700 528
700 578
700 563
638 313
445 30
767 503
481 420
481 114
114 1
638 376
750 64
757 18
530 18
191 18
307 18
555 4
140 79
234 197
346 265
632 161
675 484
440 248
335 280
477 280
330 280
280 12
498 280
280 132
280 36
455 280
280 154
280 90
738 280
499 280
280 43
559 280
280 198
413 280
483 280
343 280
631 305
578 305
305 257
463 305
563 305
446 295
664 26
664 171
95 27
282 27
585 431
431 164
126 10
521 187
328 278
589 278
715 278
742 278
301 278
352 278
278 168
552 116
558 141
587 557
706 298
217 60
674 290
95 64
408 310
656 408
654 209
760 296
296 214
433 176
611 519
611 605
386 113
632 611
611 113
386 116
632 386
611 420
654 611
611 116
668 553
446 173
389 223
396 226
694 226
226 2
473 114
732 278
114 112
420 112
758 78
389 68
485 175
711 558
302 275
291 130
330 126
335 126
126 90
313 302
358 302
552 268
586 552
769 552
552 60
535 154
535 268
586 535
535 132
535 120
769 535
535 60
552 154
552 120
552 132
695 476
694 477
456 332
519 503
554 302
395 175
667 645
445 161
587 516
657 503
400 178
365 105
514 491
491 390
491 188
491 85
491 239
491 216
626 491
491 191
590 491
491 339
491 307
491 294
491 143
279 162
330 162
377 162
455 162
162 90
276 162
283 232
283 224
561 205
610 197
687 364
446 296
384 69
689 82
709 286
384 144
750 735
630 348
487 66
373 27
667 249
373 257
626 249
649 642
234 137
151 12
745 151
499 151
732 706
451 229
630 444
687 18
709 649
515 361
361 195
768 361
730 361
434 361
592 361
361 242
361 78
694 310
420 21
114 21
638 494
656 342
295 279
295 90
592 205
359 308
577 308
407 218
376 218
232 218
218 79
724 657
657 85
657 532
657 421
657 339
657 263
657 77
657 155
746 218
367 204
355 179
391 301
658 243
673 670
694 561
727 473
687 440
650 280
560 116
560 373
710 542
763 491
670 21
223 209
252 249
560 220
584 291
291 235
654 293
484 293
664 391
715 668
371 209
601 209
742 209
301 209
352 209
502 209
236 209
748 209
589 209
718 209
705 209
679 209
209 59
444 348
767 125
197 170
646 604
89 44
555 440
687 223
641 325
687 465
719 687
687 390
687 590
664 482
468 226
689 626
563 289
463 289
756 289
528 289
289 31
631 289
289 257
289 127
578 289
289 251
526 289
539 289
691 289
443 289
314 289
289 42
364 348
373 8
660 623
636 151
457 383
406 383
561 406
561 457
476 144
700 341
759 414
557 485
355 208
688 570
688 142
688 453
688 304
688 624
688 190
688 321
647 277
647 66
101 83
709 125
555 45
472 190
638 514
638 465
638 626
638 188
270 93
242 93
320 93
570 391
441 176
652 187
737 514
538 27
746 277
664 587
443 90
653 71
518 361
364 162
716 535
716 552
292 88
580 88
580 292
687 101
330 33
636 444
257 166
664 534
645 283
468 201
546 364
634 609
609 322
767 630
114 45
516 302
411 269
707 537
679 561
716 383
759 707
561 25
707 679
679 383
383 83
759 383
716 561
707 83
561 537
707 25
716 707
537 383
383 25
561 83
759 561
445 325
453 445
240 12
472 27
675 658
265 39
308 180
716 440
664 202
443 411
703 39
280 267
278 227
552 160
535 160
626 588
670 451
593 158
550 431
202 148
732 355
567 202
475 205
670 473
286 226
732 361
469 361
305 293
516 158
280 218
444 6
611 473
576 200
576 42
576 127
647 576
576 152
576 463
631 576
576 192
756 576
576 338
576 183
576 528
576 257
578 576
576 495
640 576
576 186
576 31
576 57
576 563
525 26
525 171
482 424
482 244
482 65
482 412
724 482
482 421
482 339
514 482
482 16
482 261
719 482
722 482
482 263
482 472
512 482
482 381
482 390
532 482
590 482
482 155
482 188
482 77
482 85
562 482
626 482
746 443
664 141
400 21
607 95
442 21
332 155
460 433
433 30
278 2
694 278
623 621
465 408
400 52
320 305
305 78
717 305
592 305
591 305
768 305
305 270
305 210
305 256
305 242
305 62
730 305
305 195
305 63
515 305
415 305
434 305
305 255
509 432
415 355
515 355
425 355
422 355
355 345
557 355
355 255
620 355
355 210
355 62
355 78
730 355
670 12
689 166
379 375
498 379
630 5
618 116
486 105
624 304
283 113
114 105
283 105
304 114
283 114
325 304
624 325
223 201
431 323
666 153
534 170
305 144
628 241
442 151
755 664
302 249
524 395
664 577
664 359
729 72
280 257
623 604
641 64
648 560
502 476
308 158
435 365
735 293
735 564
709 550
658 555
422 93
557 93
93 78
515 93
415 93
425 93
592 93
210 93
620 93
526 232
448 319
448 167
670 537
490 445
735 18
424 139
532 139
444 113
658 644
618 265
685 384
302 78
557 302
415 302
425 302
422 302
591 302
273 146
273 96
685 273
273 5
375 273
609 280
759 430
430 166
737 430
444 251
444 127
444 152
263 234
480 85
735 278
664 560
695 422
695 255
695 62
609 584
431 308
593 397
593 572
494 366
355 54
434 69
730 69
768 69
609 1
463 361
361 31
494 231
494 258
494 166
494 83
759 494
716 494
537 494
683 494
737 494
446 161
480 180
460 45
650 190
223 3
524 389
598 197
543 197
321 249
453 278
325 278
649 445
481 365
365 1
144 69
278 194
767 664
122 21
689 457
689 406
296 12
432 162
205 155
494 21
223 64
377 151
151 90
151 132
279 151
151 1
436 151
330 151
481 151
715 423
668 400
400 117
224 82
630 453
702 664
694 341
670 215
670 247
476 162
740 10
616 10
225 10
731 10
362 10
102 10
655 10
569 10
205 105
711 614
750 709
275 130
689 555
750 538
630 516
654 623
623 484
623 190
623 453
623 142
659 623
623 325
510 458
458 91
235 167
584 167
319 235
584 319
672 432
689 162
425 16
515 16
78 16
709 584
612 265
78 64
404 176
625 493
389 22
158 88
520 305
707 552
707 535
93 18
550 113
550 190
550 373
550 519
550 114
550 368
550 484
659 550
550 105
550 420
654 550
550 116
550 304
720 550
550 333
550 486
624 550
605 550
550 378
550 131
550 321
550 517
550 315
428 400
664 552
664 535
344 342
735 524
709 107
652 326
175 136
623 520
709 687
444 89
618 593
556 176
630 46
265 26
657 90
404 245
442 389
609 323
554 283
560 114
606 4
638 295
733 145
364 166
737 364
556 364
537 364
759 364
364 83
477 291
645 615
252 62
479 266
653 83
653 502
679 653
644 570
493 377
493 90
538 265
596 30
710 402
386 130
558 54
754 133
245 54
670 213
202 18
742 646
742 328
481 383
278 175
459 308
694 607
476 448
538 521
748 69
352 69
589 69
69 8
718 69
371 69
679 69
541 69
199 69
228 69
301 69
236 69
646 69
355 85
223 93
429 119
521 325
736 649
213 161
433 369
213 21
447 49
677 447
447 287
634 482
482 322
442 432
249 18
706 462
503 305
305 1
321 289
378 289
289 142
712 432
672 670
692 429
615 253
420 400
468 278
218 162
396 213
213 2
674 590
674 626
674 514
674 188
476 255
750 460
750 280
576 544
555 213
543 202
598 202
615 140
355 268
767 433
730 723
723 86
723 434
723 717
509 444
299 167
336 231
670 376
670 79
670 407
189 97
721 534
666 524
524 421
524 188
626 524
524 490
638 90
638 279
638 436
638 330
638 481
638 165
638 146
638 571
638 377
638 1
745 638
638 559
459 151
658 420
267 18
611 265
386 265
498 409
755 389
382 270
750 355
311 160
375 162
687 348
314 271
410 158
642 638
101 77
367 155
715 659
715 453
715 142
624 328
715 624
453 236
659 328
654 236
589 453
453 328
236 142
654 328
589 142
654 589
715 654
745 226
278 209
626 365
453 252
593 265
522 370
743 522
672 497
672 517
699 657
638 145
735 249
116 1
373 1
490 361
656 336
336 310
161 33
666 8
203 8
356 170
587 373
496 202
746 248
615 396
614 451
651 510
720 395
442 27
736 275
659 592
654 592
592 484
373 342
592 552
592 535
463 260
260 257
710 622
327 278
445 42
691 445
638 2
638 396
694 638
630 8
665 467
550 151
735 558
555 355
762 406
762 457
448 436
142 139
453 139
637 152
694 333
592 82
755 291
638 293
638 564
355 286
485 457
473 220
571 400
455 400
202 54
768 215
524 243
524 479
432 356
286 179
458 444
709 248
295 64
689 255
633 459
476 440
636 189
636 97
634 64
322 64
253 161
284 197
478 248
588 390
588 191
590 588
588 465
719 588
494 444
649 484
428 265
588 400
482 10
552 171
535 171
552 26
535 26
700 654
684 174
647 623
623 574
623 186
623 495
623 463
623 183
623 57
623 156
623 42
623 563
691 623
623 56
726 623
623 338
623 31
756 623
623 152
623 257
631 623
623 578
623 528
323 291
576 481
735 687
689 432
408 223
344 249
596 457
596 406
735 45
638 520
735 614
275 252
162 82
499 158
158 12
559 158
752 158
343 158
689 80
631 448
563 448
448 257
716 674
539 448
448 156
526 448
448 84
651 448
266 176
611 77
611 339
139 69
615 354
615 357
767 580
767 292
767 88
672 630
739 342
223 157
630 580
630 88
632 33
113 33
719 12
400 126
632 502
170 2
396 170
694 170
590 447
465 447
447 188
626 447
512 447
447 390
447 177
447 244
736 447
719 447
628 576
373 286
286 116
550 533
604 194
611 95
361 5
375 361
361 146
413 361
170 79
376 170
296 295
482 260
469 205
253 213
175 12
292 26
580 26
171 88
580 171
596 312
521 64
308 64
295 252
554 71
750 45
252 27
161 67
588 567
554 433
672 550
584 514
746 453
691 686
702 621
555 252
473 79
552 516
598 534
543 534
638 305
561 539
768 565
638 634
379 241
733 623
675 548
675 351
690 675
675 28
675 185
109 90
615 226
476 291
459 368
529 101
522 369
524 369
567 447
51 37
751 51
51 24
498 490
450 395
395 44
506 395
299 62
567 151
760 570
570 214
760 453
760 142
557 239
638 229
485 241
485 200
384 353
384 243
699 257
666 576
576 261
576 263
716 695
735 407
78 30
615 229
364 281
552 280
520 431
638 219
451 90
435 124
521 296
762 215
735 494
665 630
555 376
735 427
471 444
418 328
715 418
214 205
166 152
609 245
567 254
151 93
553 113
720 553
330 103
508 132
508 90
508 330
508 335
585 85
585 339
164 85
339 332
332 85
691 131
489 171
361 355
216 30
700 223
626 561
421 383
383 188
626 383
590 383
561 421
384 164
543 276
598 276
626 290
626 451
290 188
514 290
465 451
290 244
451 188
590 451
451 339
590 290
451 244
717 604
604 415
604 86
730 604
555 166
735 164
657 226
645 400
544 145
424 145
532 145
445 64
355 341
716 638
364 82
233 218
483 86
196 151
418 151
291 86
364 216
286 255
286 210
286 195
286 62
515 286
730 286
415 286
286 78
689 365
255 227
284 226
458 33
457 85
406 85
454 252
647 619
619 574
619 495
619 42
619 152
619 31
619 563
619 56
631 619
619 257
619 549
619 463
660 453
660 325
657 223
494 95
659 101
654 101
758 631
758 578
758 257
650 270
449 390
240 132
330 240
240 120
240 90
592 374
225 223
223 110
409 223
599 223
223 50
367 223
713 567
720 397
397 113
605 397
296 179
433 46
355 21
703 538
664 529
615 21
534 238
367 257
447 240
670 158
447 254
737 620
593 117
223 175
485 448
529 350
647 476
476 127
476 42
549 476
476 152
574 476
691 476
476 463
476 257
476 57
756 476
563 476
631 476
726 476
526 476
476 251
468 442
688 668
688 117
355 116
373 355
609 476
147 35
641 332
141 38
601 141
541 141
679 141
416 141
168 141
149 141
748 141
502 141
228 141
537 141
301 141
764 85
670 555
112 27
213 174
494 39
373 209
209 116
561 101
383 101
707 101
574 520
563 520
631 520
459 88
580 459
278 207
277 44
459 385
758 114
364 336
130 90
677 228
503 133
554 525
691 265
130 78
433 95
555 281
609 93
744 411
252 161
709 114
709 116
709 420
476 175
30 21
287 132
90 49
377 49
132 49
377 287
761 579
482 180
709 623
621 431
554 516
534 171
302 246
764 721
651 26
664 586
255 170
717 389
389 115
422 389
389 255
389 62
425 389
389 78
389 210
557 389
730 389
515 389
389 86
415 389
209 69
543 532
543 424
598 424
598 532
485 368
518 176
647 323
323 127
526 323
323 70
726 323
463 323
323 156
323 257
323 56
631 323
323 220
323 152
323 42
443 323
323 133
574 323
563 323
323 31
549 323
763 323
323 314
691 323
323 251
756 323
671 323
323 6
578 323
334 323
274 219
767 695
442 266
689 330
709 273
685 139
615 64
710 226
469 149
338 301
733 431
767 197
442 36
442 330
534 308
636 538
573 124
361 298
600 223
656 253
652 361
680 121
457 45
406 45
668 131
131 117
179 95
682 145
715 145
328 145
236 145
742 145
445 249
737 400
630 130
223 145
716 604
673 524
695 502
718 695
695 589
481 391
735 117
735 668
342 179
361 187
697 144
481 240
623 298
197 85
636 60
328 151
715 151
291 231
564 521
521 293
252 213
558 534
709 427
170 158
587 296
406 353
615 27
460 356
356 30
339 322
322 77
322 85
634 339
634 77
322 188
634 85
722 634
719 322
722 322
243 170
609 179
716 584
716 235
261 242
371 90
352 90
502 90
705 90
525 296
672 339
615 494
516 448
535 229
449 177
512 449
341 142
659 341
341 190
484 341
630 174
542 119
346 39
561 176
645 604
516 309
313 246
746 525
278 113
632 278
614 226
524 69
252 64
361 213
637 128
399 113
367 113
113 110
670 126
265 47
360 166
175 45
277 259
459 395
626 52
467 76
221 128
197 144
469 71
223 65
724 223
609 508
252 155
486 176
585 99
716 559
750 93
634 27
489 71
488 423
467 90
691 151
479 381
458 335
458 330
665 530
665 307
665 239
665 216
736 446
694 71
114 2
420 2
694 420
396 114
420 396
694 114
448 136
161 152
446 355
625 486
762 249
205 90
652 15
652 381
308 126
700 434
700 270
631 312
626 164
626 585
688 197
429 266
711 222
561 45
383 45
581 444
516 375
516 487
516 511
516 498
718 73
502 73
705 73
748 73
695 650
522 468
516 493
549 267
709 619
715 440
468 332
480 350
485 209
468 432
414 310
589 547
81 7
504 298
415 369
720 170
679 430
630 390
295 95
614 85
614 390
614 339
626 614
614 590
614 188
685 353
735 383
691 312
638 309
736 664
560 487
658 170
709 52
573 522
450 132
450 335
761 300
512 133
512 220
355 131
636 385
667 23
333 124
257 49
653 101
525 383
707 525
561 525
160 83
716 160
687 252
450 208
208 44
606 552
638 366
653 308
651 444
161 114
420 161
549 400
400 379
400 257
400 127
400 334
400 211
400 200
400 156
495 400
389 361
747 364
689 281
645 327
600 550
503 284
284 1
524 151
486 406
486 457
154 32
346 43
625 346
271 32
346 90
769 568
346 154
568 43
625 568
346 271
568 271
568 90
769 346
769 32
568 154
43 32
90 32
323 213
679 417
748 417
417 83
589 417
716 417
502 417
184 57
719 696
696 390
696 465
696 626
696 244
696 512
696 188
696 590
432 201
234 139
537 252
259 101
420 144
669 135
498 286
217 64
18 16
752 216
759 649
649 537
709 131
642 64
253 27
668 315
315 117
668 605
668 48
668 190
605 117
117 114
117 48
190 117
668 114
117 113
668 570
668 113
570 117
735 420
735 720
735 570
735 728
735 58
735 484
735 283
735 105
735 138
735 654
735 114
735 519
735 368
735 632
735 659
735 321
735 131
735 497
735 190
735 373
735 486
735 113
735 517
735 48
735 116
735 333
144 139
567 366
648 638
322 89
762 90
161 85
352 323
352 6
512 383
496 255
649 638
377 138
644 341
590 488
626 333
226 224
369 54
567 373
390 180
275 148
685 654
685 659
692 265
552 175
664 176
330 217
377 217
217 12
217 90
754 217
499 217
625 217
498 217
217 132
571 217
436 217
745 217
455 217
559 217
390 126
639 343
444 114
461 137
628 173
750 484
443 145
550 62
400 210
400 78
400 255
521 389
361 234
312 296
469 296
558 85
144 64
263 5
672 636
706 133
494 295
398 278
709 386
709 611
609 170
607 514
298 234
365 122
687 484
687 335
687 511
687 477
687 5
754 687
687 487
687 413
687 375
687 483
687 343
687 377
745 687
687 279
687 571
687 455
687 625
687 330
687 499
687 90
595 275
596 43
625 596
669 631
626 112
735 219
762 148
664 650
187 105
695 625
180 69
255 22
730 22
715 158
494 336
130 117
444 47
460 420
460 114
298 16
739 508
226 79
670 445
468 164
585 468
660 649
678 341
309 251
694 534
534 2
624 498
624 146
444 148
308 257
621 595
767 175
732 314
314 266
314 312
312 251
721 553
472 453
329 151
605 241
698 158
716 521
210 155
195 77
210 77
698 421
614 27
535 159
293 252
564 252
636 395
465 228
679 465
753 113
494 149
626 570
639 591
432 226
228 95
646 95
679 95
502 95
537 95
709 534
529 308
760 462
760 259
353 180
479 180
243 180
615 365
638 400
457 276
457 455
732 457
457 90
469 457
732 406
469 406
455 406
457 43
406 276
406 90
406 43
625 406
625 457
746 529
223 116
420 223
373 223
664 621
679 482
607 468
323 253
438 117
732 628
732 565
434 418
623 332
453 293
323 69
516 171
516 26
649 112
383 292
732 238
664 291
675 444
344 170
596 295
631 176
278 198
279 278
602 278
278 90
436 278
278 276
641 278
413 278
477 278
483 278
628 415
565 415
628 78
591 565
628 242
565 242
730 565
565 452
392 145
663 145
365 323
423 348
491 400
524 433
557 82
415 82
591 82
255 82
82 62
251 95
253 14
445 176
738 153
738 198
752 343
570 489
621 445
223 197
667 366
665 473
659 537
709 30
626 518
638 524
625 606
291 152
593 444
176 155
299 291
651 447
151 95
588 196
588 418
588 203
588 16
588 532
760 192
214 192
735 162
686 355
614 407
767 423
670 314
691 670
670 251
670 549
670 42
670 220
670 539
670 56
670 133
670 31
670 152
538 113
720 538
625 164
670 582
767 136
670 444
304 41
517 41
624 41
605 41
497 41
142 41
368 41
105 41
58 41
333 41
570 41
315 41
48 41
484 41
361 214
694 494
447 174
435 429
385 265
687 595
578 155
638 158
694 323
323 2
735 288
745 444
636 438
760 466
649 386
649 611
433 223
550 90
496 310
266 223
687 665
649 47
567 323
433 14
638 383
393 176
529 487
707 446
630 496
280 148
664 179
476 411
554 407
554 224
554 232
554 376
217 78
746 444
687 453
511 480
550 309
615 473
687 141
619 78
730 619
619 255
429 190
391 298
664 101
330 265
455 265
752 265
265 43
499 265
335 265
343 265
477 265
625 265
745 265
571 265
634 431
431 322
552 535
576 90
687 116
768 383
567 276
567 330
567 39
567 279
582 567
567 154
669 567
567 377
291 160
560 453
444 76
511 259
493 239
585 107
433 217
370 54
510 497
614 278
664 554
552 12
383 308
707 308
561 308
482 383
429 158
707 587
587 561
587 383
591 280
280 62
422 280
557 280
609 337
652 197
677 65
570 361
378 361
361 304
361 190
605 361
361 321
479 145
227 192
518 440
438 385
462 223
259 223
464 219
277 208
630 296
460 430
468 28
468 185
356 226
395 343
516 71
672 453
421 56
666 56
174 114
745 609
425 85
298 31
631 298
592 476
229 226
735 618
709 135
302 88
400 197
341 298
212 166
759 212
737 212
680 205
549 494
526 494
494 156
442 161
534 525
466 339
653 587
361 1
361 140
503 361
481 361
214 208
741 136
323 174
448 59
502 448
253 170
746 653
468 252
707 133
707 574
658 389
590 271
444 197
615 445
458 227
645 342
117 41
668 41
366 122
79 49
534 152
431 355
518 202
176 119
454 266
732 454
454 312
589 345
721 177
735 265
570 465
660 265
509 158
561 125
707 125
516 189
516 97
151 18
643 238
532 215
696 625
561 534
534 383
626 109
58 25
310 212
656 212
284 243
353 284
171 89
252 1
503 252
275 116
621 131
626 486
406 365
615 162
687 647
687 257
687 463
687 152
315 71
502 431
646 431
431 301
431 149
748 431
431 236
431 371
431 228
705 431
431 168
431 38
601 431
431 25
718 431
591 323
415 323
323 78
355 126
709 266
767 631
767 183
767 756
767 563
716 248
625 484
364 14
429 373
709 660
454 229
161 64
277 171
171 66
576 552
649 82
447 76
161 82
559 458
241 20
256 241
592 241
241 210
241 195
589 530
759 29
679 29
537 239
679 239
530 25
679 530
537 29
718 530
745 429
561 26
383 26
561 171
383 171
707 171
187 85
656 275
310 275
289 144
589 194
465 76
390 76
244 76
446 389
623 490
687 642
626 296
160 107
518 82
596 161
691 224
746 552
534 265
210 69
762 638
466 69
625 342
554 54
252 112
734 116
687 525
664 305
638 286
321 176
378 176
593 443
208 126
765 55
689 296
638 534
576 442
593 567
654 549
429 262
451 446
709 21
653 238
689 161
625 622
503 309
309 1
700 142
700 570
700 453
767 525
760 475
475 214
767 44
767 506
675 368
626 312
626 266
716 293
596 342
720 588
735 64
672 554
590 33
724 578
310 164
458 265
567 275
656 14
310 14
654 487
659 487
445 431
767 636
695 494
354 253
481 85
400 286
248 175
570 137
621 554
423 245
480 146
604 278
658 592
730 658
658 515
658 78
658 62
658 210
538 286
116 95
373 95
349 161
364 342
741 70
722 550
122 114
532 353
532 243
666 243
490 243
424 243
243 15
353 16
490 353
421 243
421 353
631 248
158 46
339 141
141 85
522 291
356 224
356 232
619 615
741 252
594 366
459 373
615 454
130 82
609 559
709 468
489 202
415 246
431 361
537 2
552 346
568 552
535 346
202 101
464 265
512 249
295 174
642 523
308 278
446 27
668 649
649 117
503 314
356 114
342 11
668 296
445 151
295 278
652 532
664 476
739 450
739 506
739 44
116 51
373 51
473 141
316 54
695 554
197 145
534 174
544 384
532 384
424 384
234 205
694 623
750 395
330 202
248 223
619 173
454 85
732 621
621 469
554 280
406 176
457 176
252 152
767 208
389 179
698 265
298 137
342 27
387 223
475 120
475 132
475 375
481 475
503 475
475 1
475 90
475 165
695 509
245 167
46 33
764 481
550 464
558 286
420 220
278 119
659 305
484 305
638 102
709 596
459 113
745 97
745 189
672 14
699 458
283 30
552 482
463 137
257 137
578 137
631 137
137 31
664 538
767 10
550 60
701 226
453 2
377 213
644 203
644 418
644 16
644 562
687 10
441 424
532 441
547 532
547 424
735 213
669 266
512 308
308 177
229 218
262 14
494 176
653 195
286 278
139 1
481 139
436 139
450 355
687 216
687 29
687 239
672 444
362 223
608 167
278 157
709 430
362 156
362 285
739 208
664 284
310 259
670 615
720 567
750 689
376 30
407 30
460 224
79 30
460 79
224 30
460 232
460 376
232 30
518 310
373 314
373 251
373 200
671 373
251 116
671 519
519 251
116 53
519 314
519 53
314 116
574 373
631 352
589 495
589 578
495 404
742 631
631 589
589 563
742 647
742 578
563 352
563 404
647 352
141 95
433 218
687 448
538 65
709 161
366 313
687 423
623 145
706 293
502 496
266 152
348 291
465 82
245 128
711 330
281 82
216 90
210 197
739 57
746 8
650 355
342 95
653 280
578 117
338 117
302 167
255 136
136 62
355 30
383 280
555 205
314 213
538 473
746 158
670 470
652 490
598 214
543 214
760 543
760 598
662 223
489 197
524 107
348 82
671 229
709 487
632 64
598 62
179 116
373 179
750 308
678 520
377 155
420 343
396 205
554 252
391 361
625 524
177 174
512 174
689 518
278 259
462 278
625 52
420 130
516 18
753 158
252 145
361 249
538 58
624 117
762 135
561 82
692 525
660 400
672 664
589 47
626 444
736 444
444 15
444 260
444 29
444 177
512 444
444 239
544 444
444 230
444 16
444 261
444 244
444 393
444 307
444 188
590 444
444 418
530 444
444 390
444 381
444 191
444 203
666 444
444 216
444 196
465 444
677 444
514 444
444 263
765 444
444 294
508 395
672 473
687 95
698 657
431 27
361 341
625 4
487 223
750 479
750 243
459 458
366 219
735 470
630 195
697 227
767 516
656 122
623 445
623 383
677 449
701 142
701 570
701 659
701 321
701 484
465 342
342 188
342 77
342 339
626 342
342 85
398 223
592 218
516 361
543 301
598 301
481 343
341 16
424 341
544 341
460 82
687 534
718 10
748 10
228 10
502 10
646 10
679 10
59 10
416 10
359 132
717 283
364 255
415 364
537 293
502 88
589 88
88 83
679 580
679 88
718 88
149 88
593 33
468 445
255 223
256 223
242 223
223 86
434 223
223 195
592 223
320 223
717 223
270 223
452 223
223 63
591 223
755 69
570 27
193 130
391 85
711 670
709 642
735 431
567 492
688 511
688 487
323 252
510 158
389 188
626 389
560 484
430 90
596 420
596 114
696 567
490 325
433 52
594 494
253 164
291 82
158 117
668 158
709 482
578 130
567 215
158 41
700 151
723 223
485 145
578 302
649 590
609 18
261 66
277 261
633 385
729 494
442 64
166 82
737 82
331 82
759 82
556 82
537 82
638 521
658 158
532 101
544 101
261 101
101 16
381 101
203 101
681 373
681 116
473 467
174 113
570 524
430 414
597 430
424 137
532 137
407 171
636 228
630 152
560 508
615 379
709 160
464 450
735 626
735 188
735 85
735 339
735 514
444 151
534 277
634 180
322 180
377 85
675 630
595 580
558 355
253 107
197 16
424 197
532 197
640 355
355 152
355 42
756 355
763 355
691 355
671 355
355 285
355 220
355 56
735 201
524 79
322 208
604 336
555 280
634 95
255 58
690 532
728 461
461 116
519 461
670 396
694 670
670 2
483 178
178 36
146 144
361 101
513 390
730 462
695 265
367 64
558 295
511 289
494 152
386 355
395 126
193 23
745 278
522 45
723 620
476 289
576 210
592 576
650 265
395 208
407 255
665 660
724 701
742 516
694 473
390 308
590 308
465 308
681 174
763 632
632 56
283 56
632 549
719 534
534 85
534 261
534 390
534 514
534 77
534 339
534 188
534 244
534 15
534 512
626 534
534 177
534 203
590 534
562 534
534 421
534 16
722 534
534 532
469 249
312 249
319 176
630 508
523 522
758 202
670 503
691 659
691 142
691 453
691 484
691 325
455 294
455 239
197 96
413 197
197 1
197 140
503 197
197 165
436 197
481 197
602 197
685 197
641 344
344 154
344 343
344 165
344 81
344 90
413 344
344 60
344 312
499 344
344 43
344 132
344 1
344 118
344 276
769 344
344 279
625 344
344 120
732 344
436 344
469 344
344 72
699 210
582 4
669 4
275 249
672 6
709 645
250 167
319 250
755 144
93 82
330 148
377 148
604 223
675 355
202 62
422 202
342 82
745 116
615 249
626 162
519 454
411 42
538 395
760 214
122 82
113 16
249 23
323 275
518 45
631 625
161 117
747 400
657 214
760 657
448 12
377 174
174 132
279 174
759 619
767 205
668 138
696 447
511 101
487 101
198 101
229 30
630 170
314 142
550 290
550 451
481 265
400 131
725 649
400 76
679 668
578 307
577 90
697 399
369 291
674 152
767 141
453 384
389 93
307 21
494 291
736 623
710 42
365 213
630 587
440 180
418 31
528 418
90 55
323 161
664 308
395 152
395 186
526 395
395 42
395 56
395 220
638 417
576 66
576 277
643 266
494 136
496 166
304 187
570 187
378 187
187 142
453 187
190 187
321 187
667 310
667 656
376 223
636 176
670 107
454 341
223 141
298 145
484 2
594 151
155 27
477 235
584 477
697 690
659 652
652 570
652 321
735 266
735 469
735 312
625 541
717 129
129 115
730 129
431 102
545 97
758 735
733 252
508 202
480 214
600 176
481 479
479 1
481 353
503 353
243 1
481 243
503 243
503 479
353 1
157 8
567 333
614 265
367 251
253 108
308 268
657 69
243 103
670 554
735 481
735 1
712 626
392 117
384 361
330 101
448 82
750 90
750 377
750 330
682 223
601 223
716 223
537 223
404 223
742 223
352 223
301 223
715 223
223 25
718 223
223 83
223 199
556 223
236 223
683 223
748 223
223 61
679 223
759 223
541 223
223 59
371 223
228 223
328 223
705 223
589 223
223 149
720 672
672 283
672 632
672 113
765 467
631 187
584 358
313 235
584 313
358 235
492 445
510 132
274 128
421 176
576 8
279 83
653 595
739 469
636 275
735 205
152 12
42 12
691 12
636 508
309 256
465 433
433 390
468 51
595 265
440 275
395 218
636 94
720 508
619 275
687 245
623 225
365 252
706 538
400 59
668 611
668 386
386 117
611 117
670 27
480 277
101 78
727 77
727 339
727 85
384 367
431 1
481 431
85 26
508 228
750 18
303 124
460 253
656 645
293 278
564 278
431 151
767 395
516 280
475 301
696 670
252 181
284 223
236 205
466 301
767 459
617 223
223 198
413 223
641 223
498 223
223 146
268 223
625 9
494 54
587 101
758 249
468 431
223 52
161 90
664 280
446 420
657 278
308 101
701 685
365 348
664 653
385 48
431 377
314 238
479 78
730 479
515 479
479 210
524 361
558 524
695 136
710 609
567 82
684 615
293 187
480 210
480 195
696 265
411 299
612 211
493 366
342 64
698 570
623 69
761 325
767 471
508 245
746 489
716 315
678 353
618 397
432 408
637 355
424 223
223 155
381 223
532 223
393 223
223 203
261 223
412 223
223 16
282 223
736 593
572 397
554 332
150 14
249 161
658 27
479 79
709 295
490 116
631 205
691 243
645 194
355 155
768 481
630 620
445 357
522 85
369 122
558 473
332 122
559 467
499 467
745 467
467 12
571 467
449 396
621 325
621 453
453 265
630 440
660 621
672 160
395 296
395 162
735 505
367 36
226 148
524 205
285 136
156 136
651 136
701 558
709 582
709 669
709 154
709 455
709 72
709 39
709 335
745 709
709 165
709 36
709 279
709 276
709 377
709 559
709 96
709 586
709 1
709 271
709 5
709 499
769 709
709 481
709 571
752 709
709 90
709 146
709 81
709 343
625 82
678 570
423 73
366 265
670 161
278 22
459 265
720 609
646 550
733 174
609 151
735 611
764 563
746 400
524 293
158 81
257 136
245 210
245 78
515 245
452 245
245 63
255 245
245 62
591 245
434 245
415 245
730 245
432 253
622 27
636 609
585 518
746 12
746 499
767 418
373 150
632 524
767 375
767 5
767 146
767 511
767 487
600 446
538 339
538 85
638 265
525 308
299 90
183 66
277 183
332 50
427 332
639 332
332 110
332 316
332 87
367 332
409 332
599 332
709 158
322 10
476 323
664 11
237 19
213 45
558 333
279 21
276 21
39 21
330 21
377 21
765 95
229 183
444 377
444 90
158 39
276 158
220 90
226 45
657 609
478 429
568 302
525 292
709 449
341 234
344 160
309 60
558 179
720 433
695 330
695 477
695 36
420 145
373 145
145 116
695 249
202 14
119 62
119 78
345 119
730 119
210 119
515 119
434 119
592 119
383 278
664 319
664 103
351 185
548 185
351 28
548 351
690 185
690 351
690 28
185 28
548 28
690 548
576 301
576 352
623 494
687 459
706 210
538 373
734 158
670 656
669 245
205 25
446 155
614 90
614 330
609 524
670 442
664 79
745 440
274 54
440 317
738 520
216 167
621 355
733 27
630 518
355 323
465 278
641 85
669 155
433 76
474 327
488 286
223 14
370 369
573 252
472 433
433 177
625 123
503 383
587 579
761 587
745 593
387 264
461 361
530 342
558 420
558 116
700 478
223 176
383 85
519 133
621 384
567 29
766 567
567 239
707 514
707 520
561 520
520 383
664 400
735 65
658 521
400 30
281 231
234 153
373 340
659 229
638 47
280 213
664 442
559 433
582 433
625 433
669 433
433 132
433 377
499 433
433 154
433 276
433 330
455 433
433 90
433 279
571 433
433 268
745 433
433 60
433 118
355 348
459 101
202 8
709 76
481 110
481 427
632 494
491 27
286 131
759 253
664 277
664 66
227 69
298 214
524 93
646 27
650 18
621 64
179 85
339 179
355 124
695 171
689 522
516 178
508 308
223 55
637 167
210 145
270 145
195 145
592 145
689 278
95 85
155 95
95 77
188 95
339 95
626 95
614 158
538 336
709 431
672 2
694 672
630 25
630 83
630 541
630 371
630 258
630 331
716 630
630 236
630 589
630 416
630 23
630 603
679 630
759 630
630 502
683 630
748 630
715 630
630 228
705 630
630 166
630 556
630 537
630 601
630 301
630 38
670 423
342 330
377 342
624 487
336 14
590 448
500 266
672 467
417 202
408 82
735 559
535 1
552 1
675 170
397 158
572 158
585 252
252 164
444 275
721 48
501 265
265 206
739 577
494 448
550 544
301 214
760 301
494 267
494 323
694 174
389 133
716 93
634 626
689 430
550 198
695 101
555 396
187 48
638 129
623 265
748 534
534 502
679 534
765 455
765 90
214 63
768 214
521 472
669 592
249 21
516 431
296 180
211 191
514 211
626 151
687 322
665 513
554 293
435 355
665 167
415 294
747 275
757 144
623 71
241 146
365 309
644 638
532 69
724 69
421 69
77 69
155 69
381 69
263 69
424 69
339 69
666 69
665 151
532 76
658 355
520 391
709 202
332 304
378 332
577 524
354 170
357 170
432 281
595 385
630 310
656 630
124 21
767 482
508 44
508 506
210 153
638 516
522 18
554 529
659 594
364 275
429 240
709 148
694 567
146 137
623 45
566 432
646 295
323 249
488 78
488 425
515 488
714 488
488 422
488 62
400 349
555 90
555 330
555 36
448 255
448 62
448 422
455 454
602 454
454 90
454 330
454 279
571 454
454 165
454 43
559 454
454 132
454 377
454 120
625 454
454 413
454 375
454 276
249 170
628 223
570 355
459 52
710 119
283 112
632 112
722 614
442 252
694 39
694 276
308 171
308 26
521 336
637 400
513 97
513 189
551 189
645 231
480 284
626 522
636 587
85 21
745 245
720 709
642 90
642 330
762 555
400 267
518 161
312 248
266 248
732 248
481 242
687 85
576 249
709 183
709 338
502 257
488 440
525 517
621 90
621 36
621 335
621 477
621 377
621 498
621 455
625 621
621 279
621 559
754 621
576 487
697 619
451 290
524 342
275 8
275 166
502 275
679 275
275 23
275 149
705 275
589 275
275 59
682 275
331 275
718 275
683 275
275 25
748 275
759 275
556 275
275 258
737 275
404 275
275 168
301 275
275 199
537 275
275 61
405 275
301 85
661 606
384 278
735 252
395 223
738 367
432 232
737 559
735 536
707 619
440 291
695 552
695 535
288 252
746 180
623 423
481 192
657 144
177 175
482 95
495 420
722 491
160 154
160 132
160 60
625 160
477 160
330 160
455 160
769 160
160 81
160 43
160 90
571 160
279 160
586 160
587 25
473 322
549 151
763 151
578 151
574 151
152 151
528 151
275 81
116 39
582 116
249 12
331 136
136 83
718 136
168 136
716 136
748 136
136 38
502 136
556 136
730 314
468 85
449 447
746 101
560 25
349 329
664 615
286 93
516 335
516 132
516 330
516 90
516 377
516 477
689 249
730 643
643 63
717 643
355 245
745 252
462 361
687 609
686 620
480 145
755 619
665 390
637 18
637 364
747 709
400 5
176 12
530 130
567 161
555 310
656 555
468 174
555 535
192 137
482 151
672 27
342 166
459 416
716 459
459 38
459 83
718 459
748 459
537 459
556 459
502 459
759 459
679 459
601 459
459 25
459 168
705 459
691 78
623 498
623 90
623 455
623 36
623 481
754 623
623 165
641 623
623 96
623 375
623 268
623 511
623 477
623 436
738 623
623 120
623 198
623 154
623 335
623 483
623 5
623 487
623 330
623 1
623 377
685 623
623 413
534 208
288 121
632 400
400 113
720 400
605 400
544 277
658 638
698 116
698 420
664 296
449 151
291 278
373 10
739 657
610 270
625 141
687 554
534 444
643 377
643 279
462 424
532 462
424 259
462 16
532 259
630 136
563 509
636 167
658 167
621 602
615 12
433 249
672 429
630 89
694 309
709 476
664 623
409 64
639 64
225 64
399 64
64 17
353 226
643 503
630 482
174 161
158 5
626 431
431 339
431 390
514 431
431 77
431 188
431 155
431 421
431 85
609 286
767 278
689 585
689 164
194 22
446 131
223 205
724 111
538 223
481 205
503 205
205 1
534 101
730 638
717 638
638 86
481 454
715 495
180 116
373 180
365 4
758 670
490 176
60 30
90 30
460 43
460 335
625 30
460 90
335 30
132 30
460 60
460 132
625 460
455 30
43 30
460 455
286 42
625 151
490 367
522 394
355 163
685 69
146 69
498 69
69 5
96 69
630 175
522 325
595 390
253 226
106 13
74 13
106 74
522 2
522 396
694 522
560 131
592 458
339 44
77 44
450 85
85 44
724 718
636 515
636 62
636 78
595 141
645 609
512 101
355 170
448 444
630 323
457 2
694 406
406 2
694 457
400 242
626 18
639 36
409 36
361 305
590 161
188 161
465 161
626 161
546 62
546 422
675 257
695 331
706 68
652 243
652 479
552 71
473 176
249 202
278 37
484 64
325 64
453 64
659 64
142 64
321 64
654 64
621 459
444 208
395 125
212 82
524 521
549 161
630 499
630 90
630 36
630 330
630 477
630 279
630 559
630 377
630 12
630 335
339 133
215 188
626 215
514 215
482 265
485 434
485 256
485 195
714 485
485 452
592 485
644 243
644 479
484 93
709 344
387 80
202 162
717 364
664 489
248 155
312 57
495 266
266 57
266 257
715 611
519 442
442 116
689 332
313 42
516 296
151 46
645 434
645 255
730 645
645 63
645 20
645 415
645 78
626 408
753 572
387 47
565 210
723 389
342 45
630 229
634 44
450 322
322 44
634 450
476 442
664 214
502 408
679 408
537 408
481 78
604 538
390 226
500 454
526 252
651 252
174 91
479 93
243 93
226 141
711 69
664 525
440 355
295 145
346 160
568 160
555 323
699 638
737 448
448 83
448 331
556 448
448 166
759 448
375 175
754 175
570 158
482 446
670 240
697 615
429 39
742 18
330 233
233 132
355 263
355 65
419 355
746 608
508 208
649 271
576 373
709 240
309 56
521 298
448 90
750 691
755 716
589 305
371 305
709 301
709 679
709 537
709 83
718 709
709 502
458 245
440 309
252 223
701 676
696 493
669 454
459 47
492 442
249 42
691 249
516 278
364 18
249 78
567 421
626 567
736 567
567 177
567 65
567 490
567 514
567 16
567 261
567 381
719 567
567 188
567 532
567 562
590 567
567 244
567 512
666 567
567 263
567 196
567 424
567 155
567 77
248 158
188 45
626 45
638 117
145 103
623 355
314 229
251 229
429 327
647 268
352 190
487 374
589 170
433 56
503 454
454 140
664 156
664 56
664 539
664 443
664 220
664 334
664 285
691 664
664 257
664 651
664 578
664 549
664 574
664 526
664 495
664 42
720 97
709 587
609 558
508 458
209 153
687 649
593 116
308 116
223 80
670 275
753 365
473 447
665 595
432 396
694 432
432 2
537 310
656 537
759 310
679 656
679 310
759 656
748 310
656 231
310 231
310 166
656 166
310 258
748 656
656 258
626 98
323 175
278 133
278 220
749 697
498 277
277 96
737 202
389 367
626 229
296 82
576 64
323 202
622 155
522 445
509 330
626 377
465 90
465 330
590 279
719 279
626 330
626 90
719 90
390 90
390 377
482 89
694 563
694 495
253 43
625 253
769 253
482 27
695 538
700 431
519 389
474 80
327 80
17 16
418 409
562 17
562 367
562 110
562 399
399 16
418 399
418 367
418 17
444 62
662 181
560 444
485 347
514 81
635 362
265 151
587 26
587 171
625 213
650 422
650 515
650 62
650 255
727 664
584 494
648 105
644 481
681 185
650 89
659 644
195 126
716 151
764 188
764 626
764 514
764 719
458 443
429 153
534 90
589 413
660 420
278 245
636 296
534 467
502 399
305 153
701 377
588 249
408 348
765 150
208 85
496 448
364 231
364 258
749 278
431 373
301 144
642 116
642 519
642 484
642 333
642 420
654 642
642 605
687 664
219 176
131 64
647 498
631 483
483 257
563 483
563 375
498 257
563 498
631 375
375 31
647 483
647 375
631 498
720 219
275 202
650 129
420 187
519 187
187 116
655 495
655 257
494 281
670 265
591 343
607 51
298 180
117 47
668 47
538 114
538 420
652 341
764 446
551 513
389 336
738 185
251 228
502 500
640 502
251 149
405 251
502 334
251 59
502 53
502 251
679 251
646 251
685 424
709 366
253 21
735 709
363 313
570 234
765 64
336 1
621 228
621 589
679 621
621 301
621 149
753 330
390 60
559 311
311 118
311 72
571 311
534 395
678 361
638 461
689 257
558 538
484 320
768 484
341 155
440 176
305 227
162 122
366 275
733 181
657 487
468 309
550 534
687 580
687 88
668 1
395 97
355 278
735 323
278 197
690 389
208 69
390 52
514 52
465 52
590 52
621 27
256 61
452 404
103 61
452 61
765 295
618 429
675 607
747 265
762 709
735 516
576 384
361 45
623 308
729 664
672 592
275 52
735 534
480 142
480 453
624 480
762 276
762 154
762 43
614 532
63 1
270 1
503 270
275 151
303 21
519 2
687 161
672 265
720 177
355 288
176 88
391 205
438 2
694 510
694 91
694 438
564 293
218 93
310 213
151 47
321 85
196 142
453 196
570 16
570 424
190 16
624 196
424 190
570 196
624 532
453 85
624 16
373 339
532 453
321 196
196 190
453 16
570 339
424 321
570 532
373 85
624 85
142 85
453 424
142 16
624 424
453 339
321 16
339 142
624 339
532 142
570 85
424 142
190 85
532 321
767 66
767 277
425 130
448 152
765 217
657 473
638 41
465 280
654 499
745 654
724 139
440 231
596 524
664 250
372 223
638 151
598 463
675 164
675 585
626 427
427 188
427 421
626 110
327 176
202 126
707 469
469 383
561 469
473 286
735 510
735 438
747 15
747 188
747 590
747 512
747 719
747 16
747 339
747 626
747 562
747 244
747 418
747 196
747 514
747 736
747 203
747 666
626 445
705 423
423 371
423 25
718 423
423 228
423 168
423 38
682 423
679 423
423 59
423 199
502 423
603 423
423 404
748 423
589 423
423 416
289 205
160 149
502 160
405 160
160 59
687 249
746 223
429 248
265 246
208 62
255 208
672 593
550 322
356 90
356 330
377 356
356 132
356 43
681 85
494 313
494 358
459 275
455 281
487 400
514 247
421 247
339 247
626 247
247 188
590 247
247 85
666 247
722 247
247 65
263 247
716 651
750 366
604 479
480 171
518 432
171 75
484 458
458 368
605 458
654 458
458 113
458 378
458 453
458 142
720 458
323 302
591 12
303 85
176 101
701 436
701 198
701 1
701 483
701 503
701 481
701 477
532 236
424 25
532 25
424 404
705 393
421 236
705 424
715 532
715 393
705 532
421 25
715 424
424 236
532 404
226 112
252 229
762 369
657 180
451 309
431 295
679 115
431 342
389 314
642 386
694 82
565 373
506 296
296 44
767 229
265 130
570 252
522 406
522 457
747 252
161 45
550 339
550 85
550 188
550 514
735 197
485 78
485 255
758 323
229 162
625 95
499 95
559 95
95 90
455 95
670 642
762 365
615 275
699 453
538 93
391 243
687 529
420 126
709 18
476 69
429 14
322 223
625 366
193 83
525 152
654 524
477 324
767 25
767 38
767 601
767 589
767 236
767 537
767 748
767 715
767 228
767 371
767 83
767 679
767 301
767 199
767 556
767 759
767 742
767 8
767 541
767 166
767 416
767 682
767 502
767 718
767 404
767 705
767 168
767 352
615 202
592 144
210 144
270 144
195 144
223 130
252 122
530 44
280 223
590 170
258 231
638 210
710 295
252 185
252 28
601 227
720 26
720 171
406 190
457 190
649 105
686 369
463 139
726 139
759 567
567 38
567 537
484 298
85 42
691 85
671 85
574 85
251 85
408 281
366 190
252 176
301 176
634 342
342 322
335 14
709 27
649 202
252 187
298 5
298 165
413 298
298 1
481 298
503 298
641 298
298 140
738 298
298 146
623 158
638 175
627 85
627 339
706 604
332 253
538 431
687 47
457 406
720 587
411 267
175 126
615 85
296 132
296 90
335 226
226 132
226 43
330 226
226 90
226 36
377 226
431 131
623 95
670 433
645 275
457 223
406 223
747 447
435 122
465 223
644 420
628 192
632 171
632 26
341 279
481 341
341 165
341 118
483 341
341 96
341 1
738 341
487 341
341 5
341 146
571 341
455 341
341 90
477 341
341 81
498 341
559 341
602 341
377 341
511 341
341 330
375 341
413 341
341 120
436 341
364 223
438 355
626 21
760 628
694 21
296 226
365 45
646 634
646 322
502 322
541 322
322 228
601 322
322 25
748 322
381 137
534 45
432 278
534 51
570 462
482 335
754 472
598 364
543 364
342 323
519 369
353 298
479 298
298 243
420 293
293 105
728 564
486 293
519 293
517 293
293 116
564 486
728 293
564 105
564 517
564 116
564 519
529 429
716 389
291 275
610 532
442 44
670 395
476 249
767 687
571 488
488 268
488 118
488 335
488 330
676 248
248 153
355 252
706 22
286 119
158 85
273 153
676 273
358 82
226 126
521 342
558 330
357 32
354 346
354 32
683 645
645 166
645 556
737 645
649 572
649 397
538 355
626 468
685 301
687 623
709 494
607 185
690 607
607 351
607 28
607 548
658 635
698 85
698 339
561 417
707 417
417 383
735 176
505 330
355 270
383 2
524 274
425 257
654 593
355 342
604 406
395 245
693 567
373 210
494 279
494 90
494 477
559 494
116 47
373 47
170 112
309 257
563 309
631 309
301 101
328 101
352 101
371 101
541 101
101 25
715 101
440 348
304 180
484 180
180 142
624 180
654 180
630 567
638 636
716 491
430 342
659 223
223 142
321 223
378 223
325 223
453 223
654 223
624 223
304 223
484 223
459 455
459 12
499 459
532 284
559 51
442 355
697 691
691 6
192 183
211 183
735 330
735 90
735 377
560 49
689 561
689 383
598 315
543 315
52 16
373 175
433 312
664 208
646 482
687 444
445 223
494 265
565 487
368 347
347 131
605 347
555 253
408 330
735 642
460 226
226 30
709 661
525 488
567 522
565 144
350 257
733 158
699 576
482 308
277 180
468 361
738 373
373 146
738 116
460 276
151 145
472 330
762 354
699 570
661 132
661 90
767 210
767 592
588 161
95 14
664 10
275 82
373 6
444 438
510 444
643 81
550 459
275 265
423 82
400 296
670 234
755 127
755 156
755 257
755 563
755 173
755 631
755 500
755 578
755 186
755 495
755 70
755 651
756 755
755 574
755 726
755 463
707 90
486 57
489 375
489 146
489 5
691 202
736 582
736 276
736 669
736 39
420 170
170 114
691 642
457 82
688 638
442 238
427 377
628 69
537 257
576 302
534 21
450 373
630 623
670 632
547 58
441 58
441 321
441 304
547 321
664 459
259 257
463 259
631 462
631 259
463 462
563 259
267 82
485 436
636 177
653 525
440 245
658 444
414 243
569 332
114 82
197 137
219 48
170 162
626 615
511 424
544 511
487 16
487 381
481 424
511 16
532 481
481 381
532 511
532 1
487 424
381 1
424 1
481 16
532 487
544 487
739 125
521 481
406 252
457 252
733 155
315 309
614 116
614 420
614 373
167 127
251 167
585 185
585 28
185 164
585 351
690 164
549 178
647 178
178 56
528 178
539 178
651 178
178 156
323 223
202 175
584 369
431 175
623 576
644 538
488 389
615 492
253 122
546 56
760 634
342 14
632 223
283 223
687 202
617 145
610 223
746 709
625 467
278 58
687 538
423 12
433 45
637 54
453 322
756 291
334 291
309 136
585 164
455 18
377 18
625 18
650 278
644 210
644 415
644 515
644 78
458 400
265 251
638 296
561 543
543 383
598 383
598 561
592 521
624 158
223 172
711 333
65 64
339 64
421 64
188 64
666 64
722 64
719 64
626 64
490 64
77 64
85 64
155 64
472 64
177 64
202 26
202 171
303 161
473 151
698 484
308 245
376 354
376 357
354 232
361 144
767 275
672 132
672 377
672 279
672 330
672 36
672 477
672 335
754 6
609 355
486 454
607 432
638 462
623 14
373 185
185 116
760 558
558 214
709 593
750 694
554 494
338 263
494 216
516 176
140 30
503 30
670 333
481 356
570 543
598 570
543 142
151 52
483 211
436 211
444 374
515 420
420 78
689 342
496 331
416 390
707 687
687 383
687 561
494 175
664 465
657 654
657 570
657 624
657 453
657 321
657 325
657 484
657 142
490 205
735 196
612 544
656 423
447 444
709 287
709 666
709 85
709 472
709 677
757 709
709 381
724 709
709 16
709 339
709 390
766 709
736 709
709 512
709 544
709 590
765 709
709 424
719 709
709 562
709 626
709 77
709 191
709 421
709 514
709 294
709 216
709 244
722 709
709 530
709 203
709 155
709 196
709 230
709 49
709 177
709 260
709 239
709 282
709 412
709 490
709 419
709 465
709 15
709 380
709 393
709 263
709 261
709 307
709 188
709 532
709 418
709 65
746 603
732 417
469 417
522 164
709 516
609 141
626 103
265 158
746 587
567 444
736 128
717 64
637 620
652 638
490 197
725 116
694 518
600 155
600 85
626 600
600 77
600 381
600 244
600 339
600 390
600 188
600 532
600 512
600 544
600 203
600 424
494 408
615 555
710 545
687 64
313 278
630 202
609 291
144 140
503 144
749 355
763 750
750 631
750 56
750 539
750 526
750 549
756 750
296 27
298 22
509 468
768 146
445 435
628 615
615 565
600 373
481 187
187 1
730 521
669 158
301 150
236 150
748 150
601 150
228 150
168 150
742 150
502 150
646 150
679 150
541 150
199 150
150 25
416 150
705 150
406 344
457 344
238 125
687 130
626 175
514 175
188 175
657 150
736 308
670 65
670 294
670 421
757 670
670 263
670 512
670 216
670 666
670 49
670 390
670 244
670 472
670 424
670 544
765 670
722 670
670 590
670 188
670 191
670 626
736 670
670 287
670 393
719 670
670 418
677 670
670 532
670 307
670 16
670 260
670 177
670 514
670 490
670 465
253 18
484 284
296 202
593 47
672 508
429 237
643 127
643 70
643 152
643 314
643 251
643 640
643 500
643 31
727 322
679 342
342 168
342 228
90 41
730 293
293 78
365 114
337 278
369 151
438 90
438 330
232 208
361 223
711 21
567 266
479 234
243 234
353 234
649 464
521 252
470 369
694 390
694 465
296 77
296 85
339 296
386 47
255 151
476 280
691 158
615 109
593 368
593 497
593 48
593 131
621 248
440 278
444 38
624 384
384 304
563 348
745 453
527 80
629 80
245 81
295 226
626 174
688 188
688 532
688 418
688 203
688 424
688 15
688 562
688 393
688 196
688 16
688 261
709 103
479 462
462 243
353 259
259 243
479 259
440 18
604 500
604 70
516 308
611 386
209 176
757 278
672 416
242 115
592 242
425 242
714 242
452 242
319 103
768 242
592 452
768 714
714 592
452 103
768 103
242 103
319 115
592 103
768 425
714 319
768 452
768 592
714 452
452 115
319 242
592 425
115 103
452 425
452 319
664 322
664 634
636 423
353 236
301 243
353 25
353 301
243 25
479 301
711 116
711 420
605 464
464 333
464 368
654 464
145 47
467 217
125 44
552 324
535 324
687 419
687 287
709 355
421 151
243 162
444 400
482 179
385 235
716 251
716 53
716 314
664 180
709 615
175 64
348 54
621 429
694 515
694 255
694 78
694 591
514 395
550 53
550 251
494 252
555 351
302 108
592 560
433 55
707 247
722 596
512 247
419 27
65 27
609 554
151 117
630 275
278 122
552 265
675 85
312 202
618 560
420 298
591 54
255 54
415 54
78 54
219 151
691 649
755 502
665 459
626 271
538 348
733 337
733 622
735 426
722 295
710 473
406 278
457 278
425 375
745 390
559 390
499 390
435 205
767 618
473 214
760 473
